LOAD_START

SET_PLAYER
	POS -441.746124 0.000000 -448.826782
END_PLAYER
SET_ENEMY
	POS 86.294495 30.878479 -132.447266
	POS 71.818039 15.725745 250.000000
	POS 200.798920 4.715535 233.315018
	POS 250.000000 0.804520 128.566055
	POS 246.435913 0.354656 210.069168
	POS 250.000000 0.303333 198.076828
	POS 67.821487 14.244232 205.307617
	POS 218.779068 0.000000 -250.000000
	POS -149.509338 0.000000 232.562073
	POS -250.000000 0.232540 -160.735123
	POS -204.825073 0.000000 -125.182846
END_ENEMY
SET_BLOCK
	POS -244.000015 -3.000000 -408.000031
	SCL 100.000000 10.000000 100.000000
	POS -338.000031 0.000000 -61.000004
	SCL 65.000000 70.000000 172.000015
	POS 116.000008 -1.000000 200.000015
	SCL 63.000004 56.000004 82.000008
	POS -336.000031 0.000000 -155.000000
	SCL 40.000000 45.000004 48.000004
	POS -393.000031 -4.000000 -162.000015
	SCL 126.000008 26.000002 113.000008
	POS -313.000000 0.000000 -182.000015
	SCL 48.000004 34.000000 35.000000
	POS -384.000031 12.000001 -154.000000
	SCL 63.000004 44.000004 18.000000
	POS 53.000004 91.000008 6.000000
	SCL 35.000000 66.000000 37.000000
	POS 21.000002 125.000008 0.000000
	SCL 44.000004 18.000000 40.000000
	POS 50.000004 116.000008 -15.000001
	SCL 53.000004 12.000000 10.000000
	POS 75.000000 69.000000 13.000001
	SCL 32.000000 49.000004 58.000004
	POS 56.000004 42.000000 60.000004
	SCL 108.000008 61.000004 92.000008
	POS 45.000004 27.000002 -9.000000
	SCL 65.000000 66.000000 65.000000
	POS 92.000008 0.000000 -17.000000
	SCL 63.000004 82.000008 73.000000
	POS 121.000008 7.000000 29.000002
	SCL 35.000000 62.000004 39.000000
	POS 92.000008 3.000000 107.000008
	SCL 158.000000 57.000004 128.000000
	POS 1.000000 -7.000000 70.000000
	SCL 36.000000 53.000004 130.000000
END_BLOCK
END_LOAD