LOAD_START

LOAD_SIZE
	120 120
END_SIZE

LOAD_FIELD
	0.00 0.00 0.00 0.00 0.00 0.00 0.00 0.00 0.00 0.00 0.00 0.00 0.00 0.00 0.00 0.00 0.00 0.00 0.00 0.00 0.00 0.00 0.00 0.00 0.00 0.00 0.00 0.00 0.00 0.00 0.00 0.00 0.00 0.00 0.00 0.00 0.00 0.00 0.00 0.00 0.00 0.00 0.00 0.00 0.00 0.00 0.00 0.00 0.00 0.00 0.00 0.00 0.00 0.00 0.00 0.00 0.00 0.00 0.00 0.00 0.00 0.00 0.00 0.00 0.00 0.00 0.00 0.00 0.00 0.00 0.00 0.00 0.00 0.00 0.00 0.00 0.00 0.00 0.00 0.00 0.00 0.00 0.00 0.00 0.00 0.00 0.00 0.00 0.00 0.00 0.00 0.00 0.00 0.00 0.00 0.00 0.00 0.00 0.00 0.00 0.00 0.00 0.00 0.00 0.00 0.00 0.00 0.00 0.00 0.00 0.00 0.00 0.00 0.00 0.00 0.00 0.00 0.00 0.00 0.00 0.00 
	0.00 0.00 0.00 2.25 7.56 13.66 15.45 15.38 13.97 12.83 11.75 10.98 10.73 16.51 21.59 23.44 24.30 16.19 12.89 12.38 10.91 11.89 8.87 7.87 7.98 13.75 13.30 12.47 5.67 4.49 2.92 5.85 5.88 4.17 9.26 13.87 16.15 14.14 12.54 13.01 12.46 12.99 15.23 16.05 18.03 14.59 16.04 15.25 15.83 14.40 7.90 4.25 7.09 5.99 7.39 11.77 14.28 15.98 10.56 14.03 6.78 6.01 6.66 9.36 5.49 10.23 8.18 7.99 6.89 5.12 4.84 4.65 4.84 4.25 3.07 3.89 3.07 2.66 4.63 7.77 8.53 7.10 2.49 1.74 1.18 1.61 4.30 5.27 5.05 2.76 2.36 9.76 13.16 15.86 10.01 8.96 8.57 7.50 9.25 10.10 9.08 5.28 6.21 4.98 7.94 9.18 9.80 8.36 7.12 2.85 2.44 0.00 0.00 0.00 0.00 0.00 0.00 0.00 0.00 0.00 0.00 
	0.00 4.77 4.77 7.84 11.56 20.31 23.35 22.79 20.98 24.08 24.23 25.01 18.56 26.49 25.37 27.33 25.20 17.92 14.66 11.59 11.51 13.27 11.83 11.22 11.31 16.39 16.13 14.51 8.04 7.86 8.03 6.67 6.22 5.88 9.40 12.35 15.68 15.28 14.73 14.18 12.92 13.09 15.33 16.08 19.89 15.95 13.77 12.78 14.54 15.10 12.76 11.86 15.54 16.72 16.60 20.81 14.85 22.25 15.91 12.80 12.77 14.16 17.80 21.30 17.99 14.65 12.64 13.11 12.05 13.38 12.06 11.83 17.42 18.65 19.75 13.41 20.91 19.47 19.22 12.88 15.59 16.10 13.02 11.35 12.42 14.29 17.94 19.33 16.90 12.09 8.82 16.37 21.10 24.47 16.11 13.63 12.52 12.52 16.64 16.15 15.33 9.38 11.39 9.44 15.18 16.78 17.04 14.27 12.22 7.94 6.91 0.00 0.00 0.00 0.00 0.00 1.58 1.58 1.58 0.00 0.00 
	0.00 11.92 16.67 20.98 20.74 27.02 33.16 29.50 31.21 31.71 34.39 33.27 24.67 30.08 25.37 27.92 26.80 20.32 17.00 13.93 14.34 16.80 16.43 14.42 13.73 17.32 16.85 15.24 8.66 8.48 10.25 11.21 12.43 11.49 13.19 14.43 16.68 15.69 15.95 16.92 16.75 16.72 18.89 18.69 21.79 16.34 14.00 13.99 16.74 17.89 14.57 12.68 16.36 18.33 16.77 19.56 17.07 20.81 15.91 15.52 15.49 19.39 19.21 21.18 18.94 20.41 20.75 22.24 21.12 21.23 22.29 22.51 30.10 25.69 24.52 16.29 26.66 24.85 24.96 19.90 24.61 27.79 23.07 19.91 18.32 18.60 22.04 23.22 19.56 17.83 13.54 20.89 21.10 24.83 17.90 17.22 17.99 18.42 23.03 22.23 21.45 14.38 18.51 19.56 27.84 25.79 21.14 15.67 15.61 13.13 13.12 4.01 1.61 0.00 0.00 0.39 3.35 3.35 2.96 0.00 0.00 
	0.00 15.02 26.38 28.47 24.29 21.40 25.97 20.52 20.55 23.58 27.33 24.61 14.47 14.00 5.30 6.48 5.92 8.18 9.34 9.22 9.20 8.97 10.23 8.87 7.05 4.69 5.04 4.12 4.16 5.12 8.78 11.36 12.97 11.72 9.87 8.55 8.07 8.55 11.00 11.23 11.04 9.57 9.84 9.35 9.55 7.00 6.10 4.94 4.52 6.91 8.25 9.53 10.38 13.16 11.02 9.45 5.72 7.77 8.49 10.69 13.92 21.50 21.91 22.40 17.69 19.52 19.72 22.41 18.95 21.73 23.04 22.96 29.93 27.08 26.99 19.88 31.23 29.07 25.83 15.28 19.04 23.96 23.89 22.28 21.87 21.38 21.47 20.74 18.35 20.08 16.64 14.36 8.99 10.82 10.68 11.81 13.51 14.15 16.54 14.65 14.20 11.52 18.55 22.01 28.98 25.32 18.45 14.22 15.79 14.74 20.98 14.13 11.13 7.11 4.47 5.25 8.20 4.14 3.35 0.00 0.00 
	0.00 18.03 29.59 33.15 27.37 26.91 28.79 22.69 17.44 16.74 23.87 23.94 19.76 12.30 3.38 3.77 6.02 7.88 9.66 10.23 10.44 9.80 10.03 8.59 6.17 3.79 3.44 3.30 2.83 2.79 4.32 7.22 9.19 9.14 8.08 7.99 8.23 8.54 10.64 11.60 11.73 10.45 10.75 10.54 9.28 6.73 5.78 5.70 5.31 5.31 3.85 2.40 2.69 3.16 4.34 4.64 4.59 5.28 5.74 8.54 11.65 15.24 12.16 11.31 11.76 16.50 18.46 20.09 16.50 16.17 18.35 19.38 21.21 16.38 15.80 18.76 21.68 17.99 13.44 12.86 15.41 19.81 19.30 19.63 16.87 15.35 13.15 13.77 14.76 18.20 15.60 13.20 6.88 9.16 9.51 10.83 12.80 12.38 11.19 10.00 10.73 10.16 16.20 20.64 29.44 25.46 17.69 12.75 15.14 16.33 23.39 19.20 16.99 12.58 7.48 8.07 9.18 5.12 3.55 0.00 0.00 
	0.00 14.71 24.40 26.92 22.61 24.72 23.51 21.11 11.70 14.14 18.11 19.16 16.98 11.05 4.34 3.37 5.21 6.48 8.86 9.60 10.44 9.19 8.39 7.96 6.63 5.50 5.41 5.47 6.27 6.67 7.01 7.81 8.32 9.08 8.86 9.36 10.16 10.44 11.74 10.98 9.82 8.26 8.82 9.71 9.32 8.24 7.24 5.98 4.60 3.60 2.92 3.29 3.26 3.14 3.85 4.66 4.92 5.72 5.93 6.61 8.31 10.70 9.68 9.89 9.58 12.43 14.12 15.35 12.26 13.37 11.89 11.20 10.36 11.10 13.01 18.24 18.29 15.20 9.63 7.82 8.34 10.83 12.67 15.17 15.73 17.83 16.01 18.10 19.08 17.95 13.67 11.34 9.00 10.85 9.72 8.03 8.23 7.45 6.25 5.69 6.39 7.30 12.46 13.71 19.32 17.45 14.58 12.57 12.57 11.74 18.97 16.99 19.02 16.41 11.11 9.45 8.20 5.71 4.14 1.58 0.00 
	0.00 13.76 20.76 24.52 20.14 24.18 26.17 27.37 19.21 15.91 17.53 18.00 17.72 11.37 3.69 2.31 3.90 5.56 6.95 7.69 9.33 9.49 9.70 8.55 7.25 6.12 5.86 5.77 6.57 7.17 8.04 9.22 9.71 10.44 9.85 9.35 9.52 9.53 10.47 10.13 9.30 9.23 8.90 9.60 9.10 7.31 6.31 5.63 4.74 3.97 3.01 4.00 4.00 3.97 4.63 5.65 6.33 7.70 7.09 7.31 9.32 11.79 12.92 13.24 13.55 13.46 14.19 14.44 12.83 12.15 11.02 10.87 10.29 9.98 11.71 16.64 15.52 12.72 8.20 8.67 9.28 11.86 11.77 13.53 13.29 16.21 15.20 18.16 17.45 14.93 10.29 10.26 9.61 12.12 10.32 8.65 8.59 8.54 7.67 7.24 6.87 6.89 11.92 12.16 18.36 16.15 14.98 13.55 13.78 12.17 17.39 13.35 18.26 17.66 15.59 10.83 8.99 5.71 4.14 1.77 0.00 
	0.00 11.11 21.70 29.42 26.35 27.11 26.16 26.40 17.98 13.26 9.65 6.39 6.26 4.25 2.39 1.74 3.51 5.99 7.55 8.70 10.23 10.29 10.45 9.61 7.66 6.33 5.66 5.78 6.90 7.50 7.75 8.45 9.15 9.69 9.00 8.80 9.17 9.80 10.84 10.34 9.82 9.87 9.22 8.91 8.02 6.50 6.73 6.81 6.05 5.46 4.53 5.72 5.85 5.35 5.54 6.24 6.76 8.16 7.35 7.45 9.04 11.30 13.13 13.82 13.73 13.52 14.81 15.58 13.99 11.78 9.63 7.86 6.98 6.30 5.54 6.18 6.16 7.17 6.51 6.97 7.01 8.75 9.22 9.84 9.72 13.00 13.23 15.02 13.12 11.00 8.32 9.90 8.67 9.56 8.82 7.87 8.48 8.52 7.03 6.40 5.91 6.03 7.84 7.50 10.97 7.99 7.90 7.25 9.11 12.03 17.43 18.61 22.58 24.10 21.24 15.96 10.25 6.78 2.96 1.97 0.00 
	0.00 10.93 20.17 27.69 21.20 21.39 24.25 24.82 17.25 8.14 4.55 3.57 3.70 2.81 2.43 2.87 4.45 6.53 7.87 9.03 10.59 10.26 10.02 9.17 7.62 6.61 5.80 5.78 7.11 8.03 8.58 9.70 9.98 10.60 10.61 10.46 10.95 11.47 12.03 11.83 11.20 10.55 9.81 9.75 9.19 8.21 8.42 8.33 7.56 7.09 6.16 8.23 7.76 7.18 7.44 8.13 8.46 9.24 7.15 7.04 8.22 10.28 11.90 12.69 12.88 13.18 14.20 14.32 12.63 10.23 8.77 7.49 6.10 4.92 4.31 4.63 4.83 5.42 5.68 6.15 6.38 6.82 7.38 8.20 7.93 9.77 9.85 10.40 10.97 9.21 8.32 8.67 6.82 7.30 7.38 6.87 7.51 7.75 7.99 8.18 7.14 6.25 7.62 7.25 7.44 4.53 4.21 5.05 9.21 13.24 25.01 31.02 37.79 34.97 31.10 22.76 14.11 7.43 1.59 0.39 0.00 
	0.00 11.24 17.31 25.37 19.48 20.22 18.89 19.91 12.87 8.12 4.82 4.34 4.68 3.90 3.22 3.37 4.43 6.64 7.78 8.69 9.99 9.57 9.26 8.87 7.01 6.17 5.43 5.42 6.92 8.09 8.99 10.33 10.76 11.24 11.21 11.61 12.15 12.36 12.96 12.65 12.13 11.57 10.56 10.39 9.78 8.79 8.68 8.53 7.77 7.08 6.10 8.39 8.02 7.53 7.85 8.54 8.87 9.65 7.35 7.04 7.40 9.25 10.88 11.76 12.15 12.46 13.66 14.70 13.61 11.68 10.20 8.71 7.33 6.00 5.74 5.76 5.48 6.02 6.28 6.54 6.51 5.28 4.51 4.31 3.83 5.47 5.75 6.51 8.31 7.77 7.91 8.46 6.82 7.30 7.38 7.28 8.60 8.63 8.55 8.32 7.37 6.29 9.80 10.86 11.83 8.05 6.02 7.03 12.76 16.74 29.42 32.72 38.99 37.48 35.36 29.56 19.09 9.83 2.81 0.39 0.00 
	0.00 15.81 19.15 21.61 9.72 7.81 11.28 14.02 14.54 10.71 7.62 5.08 5.56 5.09 4.71 4.78 5.97 7.65 8.63 9.45 10.35 9.73 10.83 9.90 8.26 7.63 6.52 6.81 8.57 8.09 9.29 10.61 10.92 12.28 12.05 11.54 12.09 11.71 11.88 11.76 10.93 10.69 10.54 10.34 9.91 9.03 8.83 8.35 7.40 6.60 5.62 8.33 8.78 8.19 8.38 8.67 8.78 9.16 6.87 5.73 6.19 6.09 8.12 9.40 10.30 10.51 11.65 12.49 13.49 11.56 10.07 8.61 7.19 6.12 6.66 6.48 6.21 6.37 6.31 6.50 6.31 4.46 3.46 3.22 2.89 4.03 4.22 4.92 6.69 6.53 6.61 7.16 6.17 6.88 7.02 6.75 8.12 9.19 9.46 9.39 8.53 7.51 10.71 11.38 10.61 7.06 5.90 8.29 14.48 19.20 27.46 26.81 32.55 28.93 37.95 31.49 24.70 12.00 4.19 0.99 0.00 
	0.00 16.74 19.87 22.48 12.05 9.82 8.79 8.79 9.79 12.21 10.06 8.06 6.97 7.02 6.87 6.97 7.70 9.14 8.91 8.63 9.40 8.79 10.40 9.19 7.46 7.55 7.11 7.51 9.14 8.00 9.41 10.76 10.73 11.55 11.07 10.76 11.27 11.46 12.51 13.17 12.92 13.08 12.94 12.81 11.61 10.03 9.05 8.79 7.79 7.01 6.25 9.06 9.02 8.46 7.66 7.67 7.68 7.97 4.97 3.92 4.18 4.49 6.61 7.99 8.99 9.86 10.48 10.70 11.40 9.47 8.18 7.43 6.50 6.78 8.25 8.57 8.01 7.47 6.50 6.03 4.89 2.63 1.13 0.90 0.87 1.19 1.28 1.39 2.77 3.01 3.37 4.13 4.15 5.16 6.15 6.32 8.18 9.45 9.72 9.95 9.09 8.21 10.44 10.94 10.39 8.96 6.95 9.82 14.19 15.77 15.89 17.05 17.63 21.74 32.22 30.37 27.51 14.56 6.94 2.56 0.00 
	0.00 23.85 27.87 35.62 20.13 17.71 11.74 7.67 8.67 11.19 11.72 9.74 8.06 7.83 8.10 8.27 9.01 10.12 9.96 9.66 9.29 8.78 10.43 9.24 7.21 7.14 6.41 6.72 7.03 5.63 6.27 7.27 6.82 7.66 8.15 9.23 10.30 11.05 12.81 13.55 13.13 13.37 12.70 12.30 11.06 8.69 7.91 7.87 7.82 7.39 7.00 8.90 9.18 8.42 7.50 5.94 5.83 5.74 3.60 2.75 3.20 3.64 5.87 6.91 7.60 8.39 8.92 9.08 9.51 7.58 6.77 6.49 6.06 6.43 7.86 8.32 7.75 7.18 6.16 5.45 4.32 2.14 0.78 0.69 0.57 0.51 0.57 0.65 0.59 0.74 1.00 1.68 2.04 3.11 4.13 5.53 9.12 10.52 11.75 12.37 11.51 10.76 12.17 8.52 8.29 8.43 8.44 11.67 15.01 14.59 13.59 19.66 19.82 27.34 31.25 28.39 24.15 14.56 8.52 2.96 0.00 
	0.00 22.81 28.53 38.07 22.58 18.57 10.40 7.60 6.84 9.48 10.25 10.03 8.06 8.24 8.48 8.55 8.49 9.38 9.12 8.82 8.67 8.41 10.12 9.63 7.56 7.73 7.20 7.36 7.47 5.86 6.07 6.61 5.91 6.78 7.78 9.86 11.12 12.22 14.01 14.52 13.74 12.56 10.47 9.84 8.92 7.82 7.05 7.29 8.37 8.51 8.41 9.64 9.00 8.15 7.20 5.17 4.42 3.78 1.86 0.68 0.62 0.59 1.24 2.38 3.41 4.61 5.49 6.05 6.78 6.63 6.06 5.87 5.41 5.75 7.35 7.41 6.93 6.43 5.43 4.61 3.38 1.13 0.24 0.15 0.03 0.00 0.00 0.00 0.00 0.00 0.21 0.82 1.03 1.64 2.55 3.53 7.39 8.85 10.55 11.43 11.23 10.91 13.62 10.38 10.56 10.50 9.82 12.26 13.56 9.87 8.86 15.69 16.53 28.13 24.54 23.65 15.88 13.40 8.35 3.18 0.00 
	0.00 23.69 30.36 42.21 24.18 19.23 8.54 8.02 7.59 9.22 10.59 10.22 10.30 10.48 10.69 10.27 9.61 8.81 8.45 7.77 7.59 7.56 9.61 9.03 7.73 8.08 7.92 7.93 7.81 6.19 6.39 7.31 6.82 7.91 8.87 10.66 11.71 12.66 13.96 13.95 12.83 11.62 9.83 9.45 8.97 7.87 6.66 6.73 8.09 8.05 7.91 8.59 7.84 7.44 6.69 4.37 3.78 3.11 1.39 0.33 0.30 0.27 0.24 0.80 1.66 2.76 3.26 3.68 4.17 4.74 4.78 4.83 4.46 5.18 6.99 6.90 6.33 5.70 4.67 3.84 2.63 0.39 0.00 0.00 0.00 0.00 0.00 0.00 0.00 0.00 0.00 0.00 0.00 0.62 1.44 2.29 5.65 7.30 10.02 11.21 11.08 10.94 15.83 14.10 14.57 14.51 14.15 16.33 17.41 12.65 11.01 13.00 12.51 22.92 19.03 17.62 9.58 8.20 5.98 1.80 0.00 
	0.00 17.61 25.52 32.45 18.65 12.85 7.20 8.53 8.34 10.12 11.29 11.02 11.09 11.17 10.93 10.16 8.99 8.19 7.68 6.96 6.76 7.20 9.52 9.14 7.90 8.33 7.93 8.10 7.74 6.02 6.67 7.37 6.68 8.12 8.33 10.01 10.94 11.44 12.97 12.94 11.64 11.11 9.58 9.02 8.35 6.69 5.42 5.87 7.22 6.98 6.77 6.37 6.21 5.81 4.79 2.48 2.09 1.83 1.39 0.33 0.30 0.27 0.24 0.50 1.07 1.27 1.47 1.57 1.97 2.53 2.87 3.21 3.74 4.77 6.02 5.72 5.15 4.53 3.49 2.67 1.45 0.10 0.00 0.00 0.00 0.00 0.00 0.00 0.00 0.00 0.00 0.00 0.00 0.00 0.00 0.41 3.75 5.25 7.69 8.67 8.98 9.58 14.91 14.23 14.90 15.55 15.39 18.15 18.81 14.25 11.59 8.95 8.69 14.37 13.06 11.54 6.96 6.96 5.18 2.59 0.00 
	0.00 9.85 18.80 25.16 17.70 10.85 5.46 6.50 7.65 9.66 11.03 10.88 10.89 11.34 11.50 10.85 9.67 8.88 8.18 7.52 7.04 7.68 9.98 9.33 8.32 9.12 8.84 9.16 8.61 6.93 7.68 8.47 7.70 8.92 8.69 9.92 10.40 10.95 14.18 13.87 12.74 12.44 11.15 10.62 10.24 6.75 6.51 6.92 8.28 8.22 8.08 7.16 6.77 5.47 4.38 2.07 1.68 1.42 1.18 0.33 0.30 0.27 0.24 0.41 0.78 0.98 0.98 0.98 0.98 1.08 1.45 1.99 2.52 3.68 4.59 4.59 4.50 3.93 2.89 2.08 0.91 0.00 0.00 0.00 0.00 0.00 0.00 0.00 0.00 0.00 0.00 0.00 0.00 0.00 0.00 0.00 2.46 3.99 6.16 7.75 8.18 8.81 14.03 14.44 15.31 17.27 16.49 18.53 18.82 15.57 12.70 10.65 12.28 14.86 13.39 7.47 5.54 8.50 5.74 4.75 0.00 
	0.00 5.44 16.73 20.94 17.68 8.16 4.80 5.93 7.40 9.81 10.99 11.14 11.14 11.61 11.45 10.47 9.05 8.43 7.97 7.27 7.05 7.96 8.66 8.21 7.70 8.40 8.14 8.01 7.53 7.34 8.14 8.82 7.90 8.69 8.58 9.92 9.67 10.24 13.02 12.30 11.37 10.95 9.39 9.20 8.67 7.78 7.59 8.25 9.81 9.83 9.72 8.63 4.96 4.05 3.08 0.95 0.71 0.44 0.21 0.18 0.15 0.12 0.09 0.06 0.00 0.00 0.00 0.00 0.00 0.00 0.21 1.02 1.78 2.60 2.78 2.78 2.78 2.58 1.78 1.01 0.20 0.00 0.00 0.00 0.00 0.00 0.00 0.00 0.00 0.00 0.00 0.00 0.00 0.00 0.00 0.00 2.05 2.64 4.61 6.92 7.51 8.11 13.21 14.03 16.26 18.51 17.02 18.68 19.85 16.33 13.65 11.19 15.08 15.37 13.11 4.52 4.75 10.07 7.31 6.13 0.00 
	0.00 4.84 17.36 20.86 17.78 6.74 4.29 5.23 6.89 9.55 10.63 10.16 10.38 10.72 10.90 9.89 8.83 8.30 8.57 7.93 7.80 8.64 9.19 8.07 7.39 7.77 7.52 7.37 6.91 6.91 7.74 8.52 8.90 9.74 9.69 11.06 10.94 10.14 12.24 10.12 8.95 8.34 6.81 6.52 7.03 6.62 7.13 7.40 8.91 8.85 8.70 7.51 4.05 3.14 2.59 0.65 0.42 0.15 0.12 0.09 0.06 0.03 0.00 0.00 0.00 0.00 0.00 0.00 0.00 0.00 0.00 0.00 0.21 0.21 0.21 0.21 0.21 0.21 0.21 0.00 0.00 0.00 0.00 0.00 0.00 0.00 0.00 0.00 0.00 0.00 0.00 0.00 0.00 0.00 0.00 0.00 1.64 2.00 3.99 6.25 7.85 8.39 13.34 14.37 16.21 17.03 15.62 15.87 17.95 14.58 12.70 10.86 18.23 17.90 17.27 6.82 8.44 12.72 9.14 6.33 0.00 
	0.00 6.93 18.39 20.81 16.35 5.69 4.11 4.33 6.20 8.77 9.63 8.97 9.85 10.32 10.62 9.30 8.28 7.72 7.67 7.07 7.40 7.95 8.47 7.33 6.72 7.45 7.33 7.11 6.77 6.86 7.99 9.21 9.83 10.66 10.45 11.60 11.12 10.36 11.54 9.42 8.34 7.71 6.47 6.43 6.64 7.02 7.49 7.74 7.91 7.75 7.30 6.11 2.59 1.68 1.12 0.42 0.18 0.12 0.09 0.06 0.03 0.00 0.00 0.00 0.00 0.00 0.00 0.00 0.00 0.00 0.00 0.00 0.00 0.00 0.00 0.00 0.00 0.00 0.00 0.00 0.00 0.00 0.00 0.00 0.00 0.00 0.00 0.00 0.00 0.00 0.00 0.00 0.00 0.00 0.00 0.00 0.00 0.36 1.54 3.55 6.46 6.97 10.14 12.80 14.03 15.67 14.36 13.09 15.43 13.26 12.37 11.54 19.08 19.22 18.33 10.99 11.94 14.24 7.96 4.36 0.00 
	0.00 7.88 17.98 20.44 15.32 6.09 4.64 4.14 6.52 9.02 9.69 8.96 9.92 10.36 10.75 9.15 8.22 7.89 8.01 7.41 7.41 7.87 8.35 7.21 6.55 7.10 6.79 6.83 6.81 6.94 7.95 9.08 10.09 10.69 10.05 10.11 9.66 8.85 10.28 8.86 7.98 7.87 7.83 7.74 7.92 7.22 6.84 7.00 6.96 6.33 5.89 4.76 2.12 1.21 0.65 0.15 0.12 0.06 0.03 0.00 0.00 0.00 0.00 0.00 0.00 0.00 0.00 0.00 0.00 0.00 0.00 0.00 0.00 0.00 0.00 0.00 0.00 0.00 0.00 0.00 0.00 0.00 0.00 0.00 0.00 0.00 0.00 0.00 0.00 0.00 0.00 0.00 0.00 0.00 0.00 0.00 0.00 0.36 1.16 3.01 7.23 7.71 10.09 12.34 13.16 15.42 14.09 11.31 13.71 12.15 11.47 14.53 24.72 23.79 19.59 11.80 13.71 14.64 6.56 2.17 0.00 
	0.00 8.95 18.27 20.22 15.47 7.00 6.13 5.05 7.54 9.25 9.55 8.45 9.50 9.93 9.88 8.17 7.85 7.94 7.96 7.65 7.62 7.97 8.43 7.80 7.05 7.60 7.08 7.19 7.33 7.55 8.17 9.03 9.42 9.53 8.78 9.01 8.66 10.01 12.03 11.64 11.02 10.98 10.69 10.61 8.40 7.40 6.59 6.54 5.89 5.27 4.83 4.05 1.42 0.50 0.15 0.06 0.03 0.00 0.00 0.00 0.00 0.00 0.00 0.00 0.00 0.00 0.00 0.00 0.00 0.00 0.00 0.00 0.00 0.00 0.00 0.00 0.00 0.00 0.00 0.00 0.00 0.00 0.00 0.00 0.00 0.00 0.00 0.00 0.00 0.00 0.00 0.00 0.00 0.00 0.00 0.00 0.00 0.36 0.77 2.54 7.05 8.15 8.48 9.77 10.59 13.25 11.61 8.73 10.34 12.27 11.97 15.03 25.19 28.33 22.69 14.79 11.30 12.09 4.33 0.79 0.00 
	0.00 9.01 16.19 17.77 12.97 6.08 5.37 4.39 6.97 8.75 9.35 8.34 9.39 10.04 9.93 8.15 8.25 8.19 8.32 8.16 7.89 8.23 8.82 8.27 7.56 7.72 7.02 7.20 7.21 7.44 7.52 8.15 9.01 9.09 8.52 8.79 8.24 10.01 12.10 11.50 11.00 10.88 10.56 10.48 8.06 7.05 6.27 5.93 5.25 4.72 4.34 3.76 1.12 0.21 0.06 0.00 0.00 0.00 0.00 0.00 0.00 0.00 0.00 0.00 0.00 0.00 0.00 0.00 0.00 0.00 0.00 0.00 0.00 0.00 0.00 0.00 0.00 0.00 0.00 0.00 0.00 0.00 0.00 0.00 0.00 0.00 0.00 0.00 0.00 0.00 0.00 0.00 0.00 0.00 0.00 0.00 0.00 0.36 0.63 2.59 7.10 8.60 8.93 9.29 10.11 12.77 11.15 7.86 9.09 11.01 10.66 13.33 20.53 31.36 29.00 22.05 11.95 10.06 4.53 0.59 0.00 
	0.00 11.30 15.25 16.43 10.07 6.77 6.36 5.12 7.34 9.15 9.78 8.67 9.62 9.95 9.26 7.50 7.78 8.28 8.82 9.12 9.26 9.73 10.12 9.68 8.49 8.20 6.97 6.63 6.85 6.91 7.15 7.61 8.87 9.96 9.69 9.68 9.39 10.75 10.92 10.27 9.08 8.93 8.58 8.52 5.80 6.70 5.08 4.63 3.96 3.46 3.08 2.79 0.15 0.06 0.00 0.00 0.00 0.00 0.00 0.00 0.00 0.00 0.00 0.00 0.00 0.00 0.00 0.00 0.00 0.00 0.00 0.00 0.00 0.00 0.00 0.00 0.00 0.00 0.00 0.00 0.00 0.00 0.00 0.00 0.00 0.00 0.00 0.00 0.00 0.00 0.00 0.00 0.00 0.00 0.00 0.00 0.00 0.39 0.66 2.30 7.02 8.79 9.03 9.24 10.68 12.32 12.03 8.33 8.94 10.96 10.75 9.31 12.15 25.02 27.77 26.90 13.09 9.59 3.74 0.39 0.00 
	0.00 12.02 13.10 13.69 7.09 8.46 9.44 8.02 8.04 9.64 10.27 8.63 9.49 8.84 8.04 6.52 9.02 9.74 10.19 10.59 10.82 11.70 12.55 10.15 8.75 8.75 7.54 7.51 7.41 7.48 7.71 7.91 8.82 9.68 9.21 8.90 8.07 8.86 9.07 8.88 7.99 7.88 7.72 7.85 5.48 4.24 2.46 1.89 1.21 0.74 0.36 0.27 0.09 0.00 0.00 0.00 0.00 0.00 0.00 0.00 0.00 0.00 0.00 0.00 0.00 0.00 0.00 0.06 0.15 0.15 0.15 0.15 0.15 0.15 0.15 0.15 0.15 0.15 0.15 0.15 0.15 0.15 0.09 0.00 0.00 0.00 0.00 0.00 0.00 0.00 0.00 0.00 0.00 0.00 0.00 0.00 0.00 0.48 0.75 2.06 6.80 8.63 8.98 9.63 10.86 12.50 13.37 9.65 9.44 11.34 10.69 9.46 8.52 19.33 22.67 27.68 15.64 11.55 4.33 0.39 0.00 
	0.00 14.21 14.21 14.61 6.48 11.63 12.65 10.57 7.82 8.97 9.59 7.95 8.08 7.56 6.73 5.21 7.39 8.31 8.93 9.91 10.25 10.95 11.60 9.92 8.92 8.83 7.64 7.55 7.48 8.02 8.30 7.92 8.02 9.09 8.59 8.29 6.90 7.62 7.66 8.58 7.71 7.57 7.41 7.45 5.13 4.22 2.17 1.57 0.89 0.46 0.27 0.18 0.00 0.00 0.00 0.00 0.00 0.00 0.00 0.00 0.00 0.00 0.00 0.00 0.00 0.00 0.03 0.09 0.21 0.24 0.24 0.24 0.24 0.24 0.24 0.24 0.24 0.24 0.24 0.24 0.24 0.21 0.15 0.03 0.00 0.00 0.00 0.00 0.00 0.00 0.00 0.00 0.00 0.00 0.00 0.06 0.24 0.75 1.02 2.32 6.46 8.32 8.88 9.53 10.55 11.99 12.86 10.36 9.33 10.82 10.11 8.91 6.96 9.57 14.62 21.14 18.45 12.24 5.52 0.59 0.00 
	0.00 13.56 13.56 13.56 4.40 12.91 14.12 13.49 7.53 8.83 9.05 7.60 7.64 7.60 6.80 5.69 7.76 9.09 9.71 10.77 10.35 11.10 11.77 10.08 9.10 8.93 7.73 7.59 7.34 7.21 7.39 6.83 7.04 8.12 7.84 7.41 6.26 7.11 7.55 8.46 7.65 7.62 7.48 7.33 5.05 3.94 2.01 1.35 0.68 0.24 0.15 0.06 0.00 0.00 0.00 0.00 0.00 0.00 0.00 0.00 0.00 0.03 0.09 0.18 0.79 1.60 1.98 2.14 2.23 2.23 2.17 1.56 0.78 0.43 0.33 0.33 0.33 0.33 0.33 0.33 0.30 0.27 0.21 0.09 0.03 0.00 0.00 0.00 0.00 0.00 0.00 0.00 0.00 0.00 0.03 0.18 0.36 0.97 1.43 3.22 7.27 9.36 9.86 10.51 11.44 12.26 12.65 10.65 9.42 10.74 9.94 8.73 7.20 7.73 13.57 18.97 19.33 12.90 7.29 1.58 0.00 
	0.00 15.72 15.72 15.72 3.22 11.86 13.07 13.53 6.74 8.25 8.89 7.64 7.76 8.06 7.38 7.06 8.83 9.86 10.35 11.44 10.80 11.73 12.33 10.44 9.44 9.15 8.14 8.05 7.41 7.25 7.82 7.66 8.55 9.65 9.47 9.13 7.77 8.35 8.28 7.82 6.96 6.75 6.18 5.99 3.62 2.87 1.67 1.07 0.39 0.18 0.12 0.06 0.00 0.00 0.00 0.00 0.00 0.00 0.00 0.00 0.15 0.53 1.08 1.79 2.53 3.34 3.91 4.41 4.63 4.44 4.24 3.73 3.15 2.61 2.12 1.72 1.72 1.43 1.20 0.98 0.95 0.82 0.66 0.25 0.09 0.00 0.00 0.00 0.00 0.00 0.00 0.00 0.00 0.00 0.09 0.24 0.42 1.22 1.69 3.87 8.13 10.20 10.70 11.35 12.08 12.50 12.49 10.68 10.07 10.91 10.11 8.91 7.98 7.04 15.79 17.98 21.23 11.28 8.08 1.38 0.00 
	0.00 10.89 14.48 15.20 5.93 10.82 12.39 13.26 6.42 6.92 7.89 7.45 7.44 7.99 8.09 8.19 9.75 10.46 10.83 11.43 10.84 11.67 12.68 10.68 9.82 9.23 8.53 8.48 7.62 7.16 7.96 7.64 8.80 10.03 9.59 9.11 7.66 6.06 5.64 4.57 3.62 3.22 2.90 2.71 2.43 2.11 1.35 0.75 0.33 0.15 0.12 0.06 0.00 0.00 0.00 0.00 0.00 0.00 0.03 0.12 0.47 0.88 1.85 2.56 3.30 4.07 4.65 4.95 5.17 4.62 4.45 3.94 3.65 3.72 3.61 3.32 3.29 3.55 3.33 2.81 2.08 1.57 1.31 0.90 0.12 0.00 0.00 0.00 0.00 0.00 0.00 0.00 0.00 0.00 0.15 0.30 0.68 1.58 2.34 4.61 8.58 10.00 10.53 10.92 11.55 11.27 11.17 9.25 10.48 9.80 9.06 7.85 7.73 6.79 15.68 17.74 22.27 12.19 7.49 0.99 0.00 
	0.00 7.24 12.62 13.34 7.72 9.69 12.77 13.48 7.89 6.94 7.97 7.59 7.46 7.99 8.32 8.52 9.98 10.53 11.47 11.80 11.32 11.94 12.87 10.80 9.98 8.72 8.27 8.30 7.54 7.18 8.18 7.85 8.70 9.48 8.79 8.31 6.80 5.06 4.48 3.65 2.83 2.64 2.35 2.20 1.91 1.59 0.83 0.33 0.24 0.15 0.12 0.06 0.00 0.00 0.00 0.00 0.00 0.00 0.06 0.44 0.85 1.49 2.46 3.37 4.30 5.54 5.87 6.27 6.50 6.17 6.00 5.59 4.93 5.26 6.14 5.97 5.72 5.98 5.46 4.82 3.77 2.18 1.54 1.12 0.12 0.00 0.00 0.00 0.00 0.00 0.00 0.00 0.00 0.00 0.18 0.33 1.00 1.83 2.88 4.96 8.93 9.94 10.47 10.48 10.91 10.13 10.02 7.89 9.50 8.79 8.14 7.14 7.69 5.96 17.05 18.13 24.26 11.01 7.09 0.00 0.00 
	0.00 5.47 10.86 13.04 9.02 10.76 13.71 13.93 8.77 6.51 7.63 7.95 8.08 8.51 9.33 9.52 10.67 10.51 11.05 10.70 10.09 10.42 11.44 9.43 9.06 7.78 7.72 8.01 7.34 7.25 7.81 7.63 7.84 7.43 6.67 6.40 4.55 3.48 2.93 2.51 2.51 2.35 2.10 1.94 1.65 1.34 0.64 0.33 0.24 0.15 0.12 0.06 0.00 0.00 0.00 0.00 0.00 0.06 0.32 0.76 1.17 2.49 4.05 5.25 6.35 7.52 7.95 8.75 8.48 7.76 7.79 7.83 7.60 8.52 9.04 8.77 8.61 8.68 7.47 6.28 4.54 2.85 2.12 1.42 0.12 0.00 0.00 0.00 0.00 0.00 0.00 0.00 0.00 0.00 0.24 0.39 1.75 2.71 3.76 5.55 9.20 10.27 11.19 10.45 9.88 9.10 8.25 6.24 7.75 6.59 6.00 7.39 7.80 6.71 16.33 17.38 23.15 10.98 7.29 0.99 0.00 
	0.00 5.87 9.82 15.95 12.56 15.22 13.66 11.93 7.85 5.25 6.39 7.49 7.83 9.25 10.16 9.96 8.82 8.57 9.02 8.22 7.53 7.51 8.22 8.19 8.23 6.62 6.64 6.72 6.50 6.59 7.19 7.09 7.29 6.84 6.29 5.87 4.24 3.39 2.84 2.26 2.16 2.00 1.74 1.59 1.30 0.98 0.51 0.33 0.24 0.15 0.12 0.06 0.00 0.00 0.00 0.00 0.06 0.25 0.72 1.17 1.57 3.29 5.11 6.44 7.44 8.70 9.45 10.24 9.62 8.64 8.47 8.81 8.39 9.66 10.28 10.33 10.27 10.34 8.81 7.62 5.09 3.31 2.25 1.42 0.12 0.00 0.00 0.00 0.00 0.00 0.00 0.00 0.00 0.00 0.33 0.87 2.52 3.46 4.48 5.78 9.35 10.72 11.13 9.66 8.88 8.10 6.92 4.78 6.01 4.86 4.71 6.30 6.35 6.11 14.60 16.51 20.30 9.48 5.32 0.99 0.00 
	0.00 5.70 11.45 18.66 17.25 17.80 15.15 11.72 8.15 5.09 6.23 7.73 8.51 10.09 10.90 10.26 9.66 9.51 9.52 8.43 7.57 7.55 8.21 8.05 7.65 6.18 6.41 6.71 6.59 6.29 6.70 6.82 6.95 6.50 5.75 5.23 3.90 3.21 2.72 1.87 1.77 1.62 1.36 1.20 0.92 0.60 0.48 0.33 0.24 0.15 0.12 0.06 0.00 0.00 0.00 0.03 0.12 0.62 1.10 2.52 3.28 5.06 7.14 8.45 9.28 11.15 10.95 11.55 10.89 9.60 9.44 10.00 9.54 11.17 11.80 11.82 11.76 11.83 10.04 8.17 5.25 3.34 2.25 1.42 0.12 0.00 0.00 0.00 0.00 0.00 0.00 0.00 0.00 0.00 0.39 1.91 3.59 4.53 5.46 6.59 9.76 11.20 10.47 8.97 8.19 7.52 6.51 4.06 6.78 6.13 5.98 5.80 5.26 5.11 11.22 16.85 19.09 11.46 3.74 0.99 0.00 
	0.00 2.76 11.02 18.23 20.33 19.81 15.67 11.88 6.74 5.01 6.36 7.78 8.87 10.21 10.90 9.72 9.30 9.24 9.16 7.86 7.20 7.15 7.83 7.77 7.27 5.89 6.29 6.65 7.22 7.21 7.43 7.37 7.35 6.83 6.03 4.92 3.58 2.80 2.14 1.29 1.13 0.98 0.72 0.66 0.57 0.45 0.33 0.33 0.24 0.15 0.12 0.06 0.00 0.00 0.09 0.21 0.50 1.13 1.80 3.61 4.46 6.15 9.24 11.00 11.54 13.13 12.66 13.37 13.35 12.70 12.18 13.17 13.14 14.74 15.16 14.55 12.76 12.54 10.52 8.26 5.31 3.34 2.25 1.42 0.12 0.00 0.00 0.00 0.00 0.00 0.00 0.00 0.00 0.00 0.91 2.69 5.39 6.22 6.96 7.64 9.62 10.42 9.44 6.91 6.25 5.88 5.26 3.52 6.13 6.83 7.47 5.71 3.79 2.88 7.97 18.58 19.48 13.89 1.38 0.00 0.00 
	0.00 2.37 11.70 17.33 18.90 18.13 14.36 11.38 5.70 5.06 5.81 7.40 8.90 10.08 10.44 8.62 8.56 8.91 8.81 7.10 6.34 6.27 6.98 7.19 6.89 5.70 6.10 6.79 7.33 7.35 7.00 6.30 5.44 4.77 3.49 2.29 1.13 0.62 0.29 0.10 0.00 0.00 0.00 0.00 0.00 0.00 0.00 0.00 0.00 0.00 0.00 0.00 0.00 0.03 0.21 0.72 1.11 1.74 2.47 4.28 4.98 6.26 9.29 10.36 10.80 13.07 12.51 13.24 13.15 12.28 11.96 12.91 12.43 14.06 14.48 14.16 11.96 12.03 10.15 7.76 4.72 2.85 1.86 1.32 0.12 0.00 0.00 0.00 0.00 0.00 0.00 0.00 0.00 0.00 1.29 3.27 6.18 6.82 7.54 7.89 8.30 9.13 7.92 5.31 4.92 4.61 4.19 3.57 5.18 6.24 6.78 5.81 3.50 2.59 5.15 15.16 19.10 15.72 4.39 0.00 0.00 
	0.00 2.57 10.47 15.01 16.39 15.77 11.62 8.94 4.36 4.98 5.44 6.97 8.67 9.61 9.52 7.71 7.99 9.31 9.32 7.61 6.79 6.73 7.18 7.65 6.66 5.45 6.30 6.99 7.49 7.68 6.82 6.02 4.96 3.74 2.65 1.55 0.49 0.20 0.00 0.00 0.00 0.00 0.00 0.00 0.00 0.00 0.00 0.00 0.00 0.00 0.00 0.00 0.03 0.15 0.62 1.33 1.72 2.35 3.11 4.80 5.22 7.63 10.48 11.55 11.99 14.61 14.34 15.37 13.84 13.18 12.91 13.89 13.30 13.97 13.92 13.50 11.10 10.52 8.61 6.02 3.65 2.16 1.27 0.73 0.12 0.00 0.00 0.00 0.00 0.00 0.00 0.00 0.00 0.00 1.58 4.06 6.98 7.52 7.92 8.33 8.73 9.51 8.36 6.30 6.01 5.96 5.54 4.92 4.80 4.85 4.89 4.91 3.77 2.90 5.17 12.37 21.85 18.70 9.92 0.00 0.00 
	0.00 3.62 10.80 15.55 16.59 13.54 9.39 6.09 4.64 5.14 5.50 7.06 9.01 9.72 9.70 7.91 8.26 9.47 8.69 6.79 6.07 6.63 8.46 9.82 8.86 8.50 9.19 9.88 9.65 8.16 6.08 5.11 3.95 2.80 1.82 0.72 0.00 0.00 0.00 0.00 0.00 0.00 0.00 0.00 0.00 0.00 0.00 0.00 0.00 0.00 0.00 0.00 0.24 0.36 1.13 2.03 2.42 3.05 3.81 5.64 7.08 9.21 12.05 12.94 13.31 16.00 15.34 15.24 13.51 12.87 12.68 13.47 13.16 13.53 12.47 11.86 9.24 8.57 6.96 4.07 1.99 1.58 1.08 0.53 0.12 0.00 0.00 0.00 0.00 0.00 0.00 0.00 0.03 0.09 2.39 5.07 7.90 8.25 8.35 8.75 8.95 9.20 7.95 6.70 6.60 7.09 6.75 6.23 6.80 6.04 4.57 3.99 4.04 4.77 7.01 10.03 22.38 19.23 13.64 0.00 0.00 
	0.00 3.62 9.93 14.68 15.35 11.75 7.69 5.00 5.18 5.25 6.43 7.58 9.53 9.99 10.01 8.03 8.60 9.06 8.36 6.56 6.14 7.12 9.06 10.68 9.72 9.56 10.18 10.57 9.73 7.64 5.33 4.27 3.24 2.25 1.36 0.29 0.00 0.00 0.00 0.00 0.00 0.00 0.00 0.00 0.00 0.00 0.00 0.00 0.00 0.00 0.00 0.00 0.30 0.48 1.90 3.25 3.64 4.41 6.07 8.11 9.49 10.29 12.28 13.07 13.81 15.67 14.91 16.46 15.64 15.63 15.08 14.82 14.38 13.97 11.09 10.18 7.03 6.52 5.50 2.60 1.22 0.90 0.49 0.24 0.12 0.00 0.00 0.00 0.00 0.00 0.00 0.06 1.21 1.48 4.38 7.06 9.41 9.59 9.68 9.11 9.73 9.53 8.10 7.43 7.54 7.81 7.46 6.49 6.74 5.98 4.89 3.93 5.35 5.74 8.55 11.25 24.62 26.95 20.39 5.78 0.00 
	0.00 3.62 9.93 18.41 18.41 14.63 8.06 6.21 6.20 6.23 6.36 7.42 9.47 10.11 10.10 8.41 8.98 9.13 8.18 6.69 6.17 7.75 9.46 11.34 10.48 10.22 10.56 10.88 9.09 6.87 4.26 3.20 2.56 1.67 0.78 0.10 0.00 0.00 0.00 0.00 0.00 0.00 0.00 0.00 0.00 0.00 0.00 0.00 0.00 0.00 0.00 0.00 0.30 0.48 2.09 4.22 4.55 5.40 7.36 9.46 10.83 11.04 12.70 13.83 14.66 16.03 15.66 17.41 17.62 17.18 16.35 15.89 16.13 14.55 11.30 9.43 6.17 5.67 4.77 1.30 0.70 0.48 0.39 0.24 0.12 0.00 0.00 0.00 0.00 0.00 0.03 0.18 1.82 2.09 5.48 7.87 10.16 10.27 10.48 9.57 10.28 9.30 8.40 7.88 8.03 8.26 7.70 6.77 6.82 5.85 4.68 4.90 5.55 6.87 8.89 13.09 23.86 34.02 26.37 13.41 0.00 
	0.00 2.84 11.51 21.28 21.54 16.20 8.58 7.45 6.87 6.85 6.77 7.66 9.78 10.62 10.64 8.71 8.89 8.74 7.97 6.38 5.67 7.64 9.34 11.26 10.60 10.27 10.64 10.74 8.40 6.12 3.61 2.65 2.08 1.22 0.59 0.00 0.00 0.00 0.00 0.00 0.00 0.00 0.00 0.00 0.00 0.00 0.00 0.00 0.00 0.00 0.00 0.00 0.30 0.48 2.58 4.68 6.50 7.57 10.34 11.49 12.54 12.39 13.97 14.00 14.68 15.18 16.06 18.60 19.17 18.84 17.64 17.05 16.90 14.86 10.96 8.46 5.21 4.68 3.84 0.86 0.42 0.33 0.30 0.24 0.12 0.00 0.00 0.00 0.00 0.00 0.12 0.33 2.56 2.83 6.63 8.36 11.03 11.02 11.34 9.95 10.63 9.39 9.26 8.45 8.56 8.55 7.92 7.08 6.35 4.78 3.60 5.59 6.53 7.59 8.62 15.13 24.12 39.76 30.19 19.19 0.00 
	0.00 2.64 9.36 18.77 19.00 15.82 8.57 7.99 8.98 8.72 8.40 9.30 11.27 12.02 11.97 8.71 8.84 8.61 7.73 6.13 5.71 7.77 9.93 12.01 11.68 11.27 11.45 11.32 8.18 5.44 2.71 1.75 1.27 0.54 0.00 0.00 0.00 0.00 0.00 0.00 0.00 0.00 0.00 0.00 0.00 0.00 0.00 0.00 0.00 0.00 0.00 0.00 0.30 0.48 2.79 4.90 6.57 7.54 10.92 12.09 13.12 13.43 14.04 13.66 14.23 13.88 14.29 16.83 16.32 15.18 15.35 15.03 14.97 13.31 9.51 7.36 5.84 4.49 3.58 0.80 0.33 0.27 0.24 0.21 0.12 0.00 0.00 0.00 0.00 0.00 0.12 0.54 3.16 3.53 7.34 9.07 10.94 11.19 11.56 9.76 10.37 9.16 9.38 9.24 9.07 8.95 8.43 7.62 7.81 5.73 5.12 6.99 7.76 7.99 9.59 15.32 21.42 33.39 23.86 15.67 0.00 
	0.00 3.03 7.60 15.37 21.64 21.09 15.21 8.20 8.50 8.24 8.10 9.24 11.00 11.75 11.80 8.77 8.90 9.50 8.31 6.82 6.71 8.67 10.86 13.47 12.02 11.60 11.79 11.22 8.15 5.38 2.00 1.33 0.96 0.23 0.00 0.00 0.00 0.00 0.00 0.00 0.00 0.00 0.00 0.00 0.00 0.00 0.00 0.00 0.00 0.00 0.00 0.00 0.30 1.27 3.78 6.10 7.84 9.41 12.79 14.88 15.82 16.37 16.06 15.81 16.20 15.23 14.75 17.66 16.99 16.34 16.77 16.08 16.88 15.32 10.57 8.08 6.76 4.92 3.98 0.92 0.49 0.21 0.18 0.15 0.09 0.00 0.00 0.00 0.00 0.00 0.12 0.60 3.61 4.07 7.96 9.60 11.27 11.61 12.21 9.94 10.62 9.06 9.50 9.54 9.32 8.92 8.38 7.40 8.31 6.05 6.90 8.29 9.45 7.88 9.67 13.87 20.24 25.56 16.65 9.21 0.00 
	0.00 3.80 8.57 15.29 21.99 20.48 19.09 11.00 12.23 8.53 8.60 9.85 12.16 12.70 12.59 9.49 9.70 9.70 8.31 6.21 6.48 8.44 10.50 12.43 11.36 11.07 10.80 9.60 6.73 4.09 1.26 0.65 0.28 0.00 0.00 0.00 0.00 0.00 0.00 0.00 0.00 0.00 0.00 0.00 0.00 0.00 0.00 0.00 0.00 0.00 0.00 0.00 0.27 1.56 3.98 6.10 8.03 10.58 14.06 16.68 17.45 17.17 16.88 16.64 16.43 15.06 13.78 17.82 18.35 18.49 19.89 18.79 19.39 18.12 12.30 9.57 7.58 4.50 3.58 1.05 0.62 0.24 0.12 0.09 0.03 0.00 0.00 0.00 0.00 0.00 0.12 0.60 3.96 4.61 9.20 10.64 12.50 12.95 13.51 10.93 11.67 9.19 9.64 9.17 8.82 8.48 8.08 6.91 7.06 5.05 7.60 7.89 9.45 6.27 10.68 12.86 20.17 19.84 13.15 5.41 0.00 
	0.00 4.16 9.65 15.44 21.82 18.95 19.89 11.76 13.39 8.67 8.73 10.06 12.06 12.40 12.06 9.29 9.22 9.76 8.22 6.44 6.91 8.37 8.87 9.78 8.39 8.10 7.79 6.35 4.20 3.00 1.04 0.43 0.12 0.00 0.00 0.00 0.00 0.00 0.00 0.00 0.00 0.00 0.00 0.00 0.00 0.00 0.00 0.00 0.00 0.00 0.00 0.00 0.06 1.56 3.88 6.16 8.19 11.00 14.47 17.44 17.04 17.02 16.43 16.55 16.40 14.54 13.54 18.80 19.20 19.21 21.96 20.65 21.35 19.77 13.75 10.96 9.20 4.30 3.29 1.15 0.62 0.24 0.12 0.03 0.00 0.00 0.00 0.00 0.00 0.00 0.12 0.60 4.19 4.84 8.95 10.58 12.44 12.87 13.40 10.72 11.47 9.22 9.67 8.50 8.14 7.63 7.15 6.16 6.32 4.03 7.07 7.37 8.75 5.97 11.05 13.20 19.06 19.14 13.07 6.90 0.00 
	0.00 4.32 11.80 18.43 18.23 13.88 14.38 12.68 14.19 8.99 8.08 9.28 11.08 11.48 10.95 8.07 8.63 10.08 8.61 7.24 7.51 8.53 8.72 9.27 7.69 7.38 6.84 5.60 4.10 3.10 0.97 0.30 0.03 0.00 0.00 0.00 0.00 0.00 0.00 0.00 0.00 0.00 0.00 0.00 0.00 0.00 0.00 0.00 0.00 0.00 0.00 0.00 0.00 1.44 3.52 5.41 7.50 10.19 12.58 16.04 16.13 16.31 15.92 16.14 15.81 14.86 13.69 16.42 16.61 16.40 19.48 18.88 19.28 17.65 13.65 11.13 9.84 4.46 3.03 1.38 0.65 0.27 0.15 0.06 0.00 0.00 0.00 0.00 0.00 0.00 0.12 0.57 3.41 4.06 7.98 10.05 11.70 12.11 12.81 11.00 11.45 9.06 9.28 8.21 7.87 7.24 6.69 6.20 6.76 4.27 7.09 7.39 8.27 6.44 13.79 16.44 18.04 16.33 10.26 7.68 0.00 
	0.00 4.16 10.41 17.38 17.38 15.54 11.38 10.40 10.51 8.38 8.36 9.55 11.04 11.53 10.62 8.16 8.88 10.77 9.30 8.22 8.26 8.24 8.34 8.78 7.03 7.40 7.48 6.33 5.45 4.45 2.35 1.59 0.65 0.00 0.00 0.00 0.00 0.00 0.00 0.00 0.00 0.00 0.00 0.00 0.00 0.00 0.00 0.00 0.00 0.00 0.00 0.00 0.00 1.44 3.54 4.91 7.00 9.59 11.99 15.41 15.81 16.27 15.71 15.57 15.44 14.98 14.15 16.39 15.64 16.40 20.07 19.40 19.16 17.79 14.03 12.15 10.62 5.04 3.58 2.02 0.71 0.33 0.21 0.12 0.03 0.00 0.00 0.00 0.00 0.00 0.12 0.51 2.86 3.61 8.00 10.32 12.04 12.86 13.72 12.21 12.66 9.85 9.98 8.77 8.00 7.07 6.71 6.13 6.51 4.07 5.95 7.13 7.62 8.80 15.40 19.37 18.05 15.35 8.42 8.32 0.00 
	0.00 3.38 10.71 18.08 17.86 16.39 10.28 9.90 8.27 7.36 7.64 8.84 10.21 10.30 9.29 7.66 8.76 10.79 9.62 8.86 9.16 8.64 8.36 8.71 7.00 7.52 7.83 6.68 6.21 5.30 3.10 2.03 1.15 0.00 0.00 0.00 0.00 0.00 0.00 0.00 0.00 0.00 0.00 0.00 0.00 0.00 0.00 0.00 0.00 0.00 0.00 0.00 0.00 1.44 3.11 4.89 5.58 7.76 9.53 13.09 13.57 14.38 13.42 14.50 15.18 15.90 14.89 16.43 15.34 16.31 20.19 19.11 18.05 16.80 13.78 12.31 10.58 5.00 3.54 2.15 0.93 0.36 0.24 0.18 0.09 0.00 0.00 0.00 0.00 0.00 0.12 0.45 2.21 3.16 7.36 9.37 10.81 11.64 12.41 11.43 11.69 8.64 9.30 8.37 7.56 6.73 6.49 6.11 6.88 4.66 6.11 8.69 8.79 11.31 21.26 24.15 22.49 12.57 5.99 5.17 0.00 
	0.00 2.99 11.20 18.02 17.48 14.36 8.86 9.42 6.60 6.33 6.61 7.32 8.74 8.64 7.62 7.83 8.82 10.82 9.91 9.40 9.40 8.70 7.64 7.89 6.27 6.74 7.12 6.21 5.97 5.61 3.50 2.33 1.50 0.15 0.06 0.00 0.00 0.00 0.00 0.00 0.00 0.00 0.00 0.00 0.00 0.00 0.00 0.00 0.00 0.00 0.00 0.00 0.00 1.44 2.84 4.73 5.46 7.65 9.05 12.20 12.78 13.36 12.61 13.76 14.22 15.66 15.66 17.07 16.54 17.28 20.34 19.20 17.76 15.88 13.17 11.63 9.80 4.96 3.67 2.45 1.23 0.36 0.27 0.21 0.12 0.00 0.00 0.00 0.00 0.00 0.12 0.36 1.73 2.68 6.91 8.83 9.99 10.73 11.50 10.99 11.09 7.87 8.21 7.50 6.81 6.10 5.43 5.35 5.40 3.74 4.90 8.23 8.54 11.08 20.42 22.84 24.17 13.75 8.40 4.87 0.00 
	0.00 2.80 10.28 16.82 15.40 13.37 8.45 10.50 7.11 6.91 6.99 7.39 8.84 8.84 8.21 8.42 9.61 11.09 10.49 10.06 9.92 8.73 7.64 7.00 6.25 6.78 7.07 6.13 5.89 5.65 4.13 2.65 1.65 0.30 0.21 0.09 0.00 0.00 0.00 0.00 0.00 0.00 0.00 0.00 0.00 0.00 0.00 0.00 0.00 0.00 0.00 0.00 0.00 0.68 1.79 3.48 4.15 5.77 7.59 9.81 10.55 11.44 11.05 12.37 13.01 14.63 16.28 17.15 16.40 16.87 19.61 19.04 16.57 13.88 12.22 11.09 9.34 4.73 3.33 2.54 1.32 0.62 0.33 0.27 0.18 0.06 0.00 0.00 0.00 0.00 0.12 0.33 1.38 2.32 6.50 8.22 9.41 10.06 10.66 10.37 10.35 7.16 7.89 7.07 6.48 6.17 5.61 5.73 5.56 4.35 5.03 8.04 8.55 10.69 23.43 25.10 26.62 14.13 9.85 5.51 0.00 
	0.00 2.58 10.94 18.29 17.38 14.11 8.49 10.43 7.28 7.54 7.21 7.10 7.78 8.66 8.34 8.65 9.38 10.95 10.49 10.68 9.62 8.26 7.14 6.87 6.35 7.38 7.66 6.80 6.53 6.38 4.72 3.17 1.77 0.42 0.33 0.18 0.06 0.00 0.00 0.00 0.00 0.00 0.00 0.00 0.00 0.00 0.00 0.00 0.00 0.00 0.00 0.00 0.03 0.33 1.24 3.14 4.01 4.85 6.74 8.43 10.96 12.40 12.22 13.31 14.70 16.99 19.35 17.66 16.78 16.11 17.90 18.37 15.16 12.34 11.74 10.58 9.55 6.01 3.56 2.61 1.48 0.87 0.39 0.33 0.24 0.12 0.00 0.00 0.00 0.00 0.12 0.33 1.02 2.00 5.42 7.05 7.99 8.74 9.37 9.36 8.98 6.28 7.09 6.59 5.87 5.58 5.10 5.64 5.88 4.72 5.50 9.14 12.70 15.24 25.89 27.98 29.95 17.98 13.21 6.14 0.00 
	0.00 2.78 11.50 21.05 20.12 16.69 8.69 10.83 7.47 7.46 7.16 7.02 7.80 9.04 8.93 9.41 10.25 11.79 11.53 11.45 10.67 9.12 7.79 7.80 7.34 8.53 9.01 7.83 7.33 7.18 5.44 3.89 2.12 0.57 0.48 0.24 0.12 0.00 0.00 0.00 0.00 0.00 0.00 0.00 0.00 0.00 0.00 0.00 0.00 0.00 0.00 0.09 0.12 0.21 0.92 3.29 4.39 4.98 6.81 7.76 10.83 13.72 13.62 14.34 16.00 19.76 22.55 20.55 18.54 17.34 17.57 18.92 14.22 11.77 11.13 9.87 9.05 7.22 3.85 2.81 1.71 1.10 0.62 0.36 0.27 0.12 0.00 0.00 0.00 0.00 0.12 0.33 0.77 1.94 5.30 8.36 9.44 10.19 10.83 10.95 10.30 7.80 7.31 6.89 6.15 5.89 5.62 7.16 6.99 5.99 7.36 10.79 14.75 16.62 26.32 30.65 29.91 17.41 10.43 5.47 0.00 
	0.00 3.08 10.67 22.88 23.25 19.65 9.19 10.62 7.50 8.09 7.72 7.31 8.70 9.85 9.29 10.45 10.99 12.54 12.25 11.48 11.22 9.77 8.99 10.28 10.33 11.70 12.17 10.66 10.09 9.39 6.52 4.48 2.47 0.83 0.54 0.27 0.15 0.03 0.00 0.00 0.00 0.00 0.00 0.00 0.00 0.00 0.00 0.00 0.00 0.00 0.03 0.15 0.18 0.27 0.57 3.53 4.97 6.25 8.22 9.03 12.77 16.47 15.84 16.04 16.90 20.94 23.80 21.13 18.50 17.47 17.77 19.29 14.31 11.90 11.29 10.24 9.52 7.77 4.31 3.06 2.03 1.42 0.94 0.39 0.30 0.12 0.00 0.00 0.00 0.00 0.12 0.33 0.57 1.84 4.97 8.34 10.13 10.97 11.51 11.73 10.74 8.21 7.30 6.30 5.55 5.62 5.60 7.64 7.70 6.83 9.88 12.50 16.29 16.85 23.48 29.05 27.90 17.33 9.10 4.63 0.00 
	0.00 3.08 8.94 20.55 20.94 18.04 8.30 8.85 8.10 9.41 9.13 8.39 10.07 10.82 10.72 10.44 10.37 11.73 11.74 10.32 10.43 9.52 9.25 10.35 10.47 11.47 11.69 10.30 9.83 8.74 6.17 4.32 2.71 1.42 0.80 0.33 0.21 0.09 0.00 0.00 0.00 0.00 0.00 0.00 0.00 0.00 0.00 0.00 0.00 0.00 0.12 0.24 0.27 0.57 0.65 3.97 5.62 6.90 9.48 10.43 14.05 17.93 17.91 17.76 18.39 22.03 23.87 21.46 19.04 17.16 17.42 19.08 13.64 11.56 10.82 9.57 9.06 7.41 3.88 2.96 2.39 1.78 1.29 0.45 0.33 0.12 0.00 0.00 0.00 0.00 0.12 0.30 0.36 1.55 4.06 7.96 10.30 10.83 11.19 11.57 10.25 8.58 7.89 6.70 6.31 6.59 6.75 9.57 9.52 7.93 11.97 13.56 17.23 15.46 18.85 26.06 24.52 17.46 7.50 3.42 0.00 
	0.00 3.27 13.62 24.14 24.74 15.71 7.18 7.43 8.35 9.86 9.52 8.54 10.51 11.36 11.68 10.81 10.55 11.69 11.59 9.89 10.00 9.19 9.47 10.69 10.50 11.69 11.48 10.48 9.92 8.79 6.32 4.94 3.10 2.23 1.15 0.49 0.27 0.15 0.00 0.00 0.00 0.00 0.00 0.00 0.00 0.00 0.00 0.00 0.00 0.00 0.21 0.33 0.57 0.86 2.33 6.40 8.08 9.47 12.62 13.51 17.13 19.55 19.03 18.75 18.71 21.83 23.77 21.33 18.80 16.90 17.11 19.54 14.10 11.72 10.91 9.87 9.53 7.91 3.94 3.04 2.47 2.02 1.54 0.60 0.33 0.12 0.00 0.00 0.00 0.00 0.09 0.24 0.30 1.42 3.63 7.53 10.18 10.85 11.15 11.53 10.28 9.34 8.54 7.05 6.84 7.14 7.41 10.24 10.10 10.07 13.32 14.28 18.01 17.01 19.16 27.15 26.63 19.63 9.19 2.63 0.00 
	0.00 3.80 15.59 22.72 21.15 10.32 4.85 5.96 7.50 8.91 8.80 8.61 10.68 11.63 12.15 10.78 10.52 11.46 11.71 10.10 10.40 10.25 10.83 12.08 11.78 12.74 12.72 11.76 10.50 9.36 7.19 6.10 3.94 2.80 1.44 0.84 0.53 0.21 0.00 0.00 0.00 0.00 0.00 0.00 0.00 0.00 0.00 0.00 0.00 0.09 0.30 0.42 0.86 1.46 3.89 7.96 10.15 11.40 14.65 15.59 18.99 20.58 19.96 19.78 20.43 23.23 24.74 22.54 19.77 17.93 17.45 18.99 14.22 11.98 10.69 9.78 9.73 8.38 4.53 3.16 2.62 2.34 1.86 0.72 0.39 0.12 0.00 0.00 0.00 0.00 0.00 0.15 0.21 1.33 2.99 6.69 9.24 9.98 10.22 10.40 9.17 9.76 9.41 8.82 8.62 8.99 9.69 12.70 11.66 11.22 12.98 13.63 17.47 18.30 21.61 31.42 30.72 21.04 8.59 2.25 0.00 
	0.00 5.24 16.32 21.67 19.17 9.06 5.43 5.69 7.60 8.91 8.80 8.56 10.94 11.60 12.03 10.62 10.17 10.91 11.05 9.17 9.53 9.86 10.45 11.83 11.64 12.59 13.39 12.75 11.33 10.13 9.82 9.24 7.55 6.07 5.39 4.66 4.22 2.27 1.66 1.30 0.82 0.00 0.00 0.00 0.00 0.00 0.00 0.00 0.06 0.18 0.39 0.72 1.16 2.00 5.14 8.95 11.59 13.06 16.60 18.26 21.35 22.17 21.51 21.01 21.75 23.75 23.84 21.62 19.11 17.44 17.05 18.13 13.95 12.42 11.12 9.93 10.56 9.18 5.43 3.71 3.23 2.85 2.51 0.78 0.45 0.12 0.00 0.00 0.00 0.00 0.00 0.03 0.09 1.11 2.77 6.47 9.02 10.18 11.37 11.55 11.69 12.27 11.50 11.13 10.62 9.77 10.68 12.77 12.43 12.18 13.77 14.64 18.18 21.14 32.37 43.77 42.06 23.32 8.18 2.25 0.00 
	0.00 8.10 12.34 15.85 11.50 8.04 6.10 5.48 7.56 8.58 8.50 8.63 11.21 11.27 11.54 10.09 10.03 10.68 10.71 8.87 9.60 10.00 10.65 12.09 12.09 12.64 14.29 14.03 12.96 11.76 11.67 11.02 9.65 7.60 6.97 5.86 5.09 2.86 2.26 1.77 1.03 0.00 0.00 0.00 0.00 0.00 0.00 0.12 0.18 0.30 0.51 1.14 1.55 2.97 6.00 9.95 13.21 16.96 20.97 25.97 26.89 27.24 25.89 25.01 23.43 23.86 20.49 20.68 19.22 19.15 18.58 19.33 16.29 14.80 12.73 11.00 11.24 9.79 6.52 4.46 3.97 3.62 3.27 0.93 0.60 0.27 0.00 0.00 0.00 0.00 0.00 0.00 0.00 0.87 2.37 5.88 8.34 9.47 10.87 11.05 11.45 12.30 11.50 11.03 11.32 10.83 11.97 14.94 14.81 16.80 18.50 18.31 17.85 23.02 34.26 47.15 37.25 18.39 1.44 1.03 0.00 
	0.00 11.48 13.60 16.85 10.71 9.23 8.17 5.95 8.27 9.10 8.50 8.82 11.29 11.46 11.35 9.58 9.81 10.36 10.10 8.53 8.70 9.30 10.31 11.60 11.59 11.86 13.54 14.07 13.32 12.08 12.33 11.69 11.15 9.13 8.16 6.72 5.75 3.33 2.71 1.80 1.03 0.00 0.00 0.00 0.00 0.00 0.00 0.21 0.27 0.39 0.60 1.74 2.56 4.48 7.95 11.99 15.78 19.72 24.96 29.89 30.05 28.46 26.61 25.07 23.43 20.52 17.23 17.41 17.69 18.54 17.85 17.92 17.50 16.32 14.38 12.49 12.57 11.38 8.94 6.16 4.97 4.61 4.16 1.62 1.16 0.61 0.21 0.00 0.00 0.00 0.00 0.00 0.00 0.58 1.97 3.89 6.04 7.18 9.33 9.51 10.16 10.90 11.26 10.90 11.18 10.57 11.53 13.46 14.30 16.50 18.20 17.79 16.74 24.67 35.56 46.20 36.17 19.28 3.78 1.21 0.00 
	0.00 13.99 23.65 27.63 20.94 11.72 10.11 5.15 7.44 8.17 7.70 8.69 10.65 10.63 11.37 9.37 9.18 9.53 8.77 7.59 7.60 7.85 8.85 9.24 9.14 9.09 11.13 11.72 11.52 10.74 13.21 13.32 13.20 11.23 10.35 8.48 7.22 4.03 2.90 1.86 1.03 0.00 0.00 0.00 0.00 0.00 0.00 0.24 0.30 0.42 0.89 2.72 4.14 6.08 9.58 13.20 17.09 21.42 26.59 31.24 31.57 30.06 29.12 27.79 26.30 22.31 19.38 19.78 20.35 20.44 19.25 18.91 19.51 17.96 15.93 13.70 13.68 12.71 9.93 6.80 5.36 4.81 4.21 1.96 1.50 0.92 0.49 0.00 0.00 0.00 0.00 0.00 0.00 0.45 1.58 2.94 4.60 5.84 8.31 9.11 9.89 10.92 11.72 11.88 12.07 11.45 11.69 13.23 13.78 16.13 17.52 17.74 16.78 24.99 29.50 37.09 29.67 21.06 7.82 1.99 0.00 
	0.00 13.49 25.66 31.24 25.48 13.73 10.42 5.26 5.92 6.53 6.24 8.15 10.22 10.33 11.06 10.49 10.26 10.42 8.94 7.78 7.86 7.95 8.67 9.13 9.52 9.14 10.77 11.27 11.47 11.70 14.18 13.96 14.51 12.89 12.09 9.89 7.93 4.64 3.48 1.92 1.03 0.00 0.00 0.00 0.00 0.00 0.00 0.30 0.36 0.58 1.26 3.70 5.59 7.45 11.21 14.54 18.51 23.95 28.45 33.20 33.70 32.17 30.80 30.01 27.78 23.32 19.91 20.39 20.77 21.48 21.18 20.79 22.08 20.49 18.89 16.47 16.28 13.77 10.58 7.48 6.32 5.14 4.51 2.55 2.07 1.42 0.96 0.00 0.00 0.00 0.00 0.00 0.00 0.23 0.91 1.65 2.60 3.88 6.71 7.71 8.71 9.59 10.00 10.65 11.43 10.51 10.51 11.98 12.92 16.13 17.55 18.95 18.40 24.96 28.63 32.95 30.68 23.03 12.85 2.96 0.00 
	0.00 10.18 22.71 27.49 23.45 11.36 9.16 6.85 6.91 7.53 7.35 9.69 12.49 12.20 11.21 11.23 11.13 11.54 10.15 8.29 8.66 8.75 9.12 9.37 9.59 9.10 10.73 11.04 11.64 12.09 15.08 14.72 16.37 14.81 14.01 11.71 9.63 5.84 4.58 2.01 1.03 0.00 0.00 0.00 0.00 0.00 0.00 0.33 0.39 0.71 1.52 3.99 5.89 7.93 10.33 12.92 17.39 23.25 27.30 32.21 33.16 33.66 33.03 32.79 30.07 25.05 20.97 21.36 21.48 22.54 21.41 20.70 23.06 21.88 19.78 17.45 17.09 14.28 11.33 8.23 7.23 6.07 4.95 2.68 2.22 1.61 1.12 0.03 0.00 0.00 0.00 0.00 0.00 0.10 0.78 1.80 2.34 3.61 6.82 8.11 9.25 9.74 9.59 10.66 11.52 10.51 10.28 11.57 12.50 14.03 15.31 16.63 15.48 21.22 25.10 29.29 30.66 23.82 14.77 3.55 0.00 
	0.00 6.82 11.82 15.65 13.05 8.53 7.52 7.68 7.15 8.16 8.16 10.39 13.50 13.36 11.86 12.26 12.47 13.17 11.24 8.90 9.07 8.66 9.00 8.74 8.46 8.36 9.80 10.11 11.71 12.36 15.04 14.71 16.73 15.70 14.77 12.06 9.78 6.09 4.80 2.10 1.03 0.00 0.00 0.00 0.00 0.00 0.00 0.39 0.45 0.87 1.81 4.29 6.38 8.48 10.15 12.78 18.25 24.17 28.34 33.19 34.26 35.48 35.17 33.64 30.12 25.04 20.66 20.58 20.81 21.68 20.65 20.94 23.20 22.19 20.44 18.20 19.23 16.42 13.06 10.08 9.23 8.13 6.70 2.85 2.39 1.83 1.35 0.06 0.00 0.00 0.00 0.00 0.00 0.00 0.63 1.64 2.27 3.35 6.62 8.13 9.77 9.38 9.19 9.48 10.55 9.55 9.35 9.82 11.56 13.10 14.13 15.48 13.84 17.46 21.72 29.01 38.91 33.18 21.61 3.74 0.00 
	0.00 3.70 5.11 7.80 8.77 7.91 8.06 7.95 7.22 9.06 9.23 11.44 14.07 14.16 12.35 13.04 12.44 13.35 11.61 9.87 10.00 9.33 9.32 9.20 8.52 8.42 9.25 9.37 12.04 12.66 13.60 13.32 15.07 14.20 12.55 8.91 6.85 4.70 3.36 0.92 0.21 0.00 0.00 0.00 0.00 0.00 0.00 0.45 0.45 1.04 2.24 4.50 7.01 9.28 10.21 13.18 21.62 28.10 31.94 36.41 37.52 39.66 39.63 35.02 30.59 26.80 22.72 22.64 22.58 22.83 21.89 22.27 23.38 22.19 20.21 18.12 19.08 16.93 13.55 11.02 9.85 9.07 7.65 3.88 2.62 2.09 1.60 0.32 0.03 0.00 0.00 0.00 0.00 0.00 0.23 1.24 2.27 3.04 5.43 6.93 7.74 7.66 7.64 7.60 8.97 9.15 8.85 9.77 10.69 11.63 11.76 11.35 9.43 10.66 15.67 23.28 35.69 31.63 21.06 3.35 0.00 
	0.00 2.91 3.60 6.77 8.53 9.19 8.81 8.21 6.93 8.97 9.44 11.55 14.00 13.99 12.56 13.64 12.64 13.65 12.01 10.99 11.12 10.05 9.85 9.82 8.84 8.80 8.50 8.83 11.60 11.67 12.40 12.43 14.35 13.88 11.72 8.10 6.39 4.57 3.02 0.51 0.03 0.00 0.00 0.00 0.00 0.00 0.00 0.39 0.39 0.98 2.62 5.02 7.95 9.83 11.22 14.61 23.34 27.86 31.21 32.49 35.43 39.23 40.46 35.85 33.11 30.22 28.96 26.97 23.94 21.64 20.67 20.51 20.67 19.47 17.87 16.51 18.46 16.85 13.94 11.91 10.70 10.13 8.77 4.93 2.85 2.23 1.80 0.51 0.03 0.00 0.00 0.00 0.00 0.00 0.10 1.08 2.21 2.88 5.19 6.68 8.09 8.37 8.67 8.57 9.37 9.26 8.76 8.14 8.36 6.95 6.57 6.67 4.94 3.53 6.97 17.69 40.37 39.41 26.64 3.55 0.00 
	0.00 2.12 3.53 13.44 15.79 16.32 8.86 8.23 6.50 8.75 9.60 11.55 14.05 13.94 12.90 14.27 13.06 14.08 12.64 11.85 12.69 11.92 11.13 11.31 10.35 10.37 9.96 10.00 12.15 12.52 13.19 13.12 14.71 14.09 11.54 8.16 6.36 4.39 2.85 0.57 0.03 0.00 0.00 0.00 0.00 0.00 0.00 0.33 0.39 1.08 2.91 5.12 8.54 10.03 11.04 14.29 23.25 28.28 32.22 33.60 37.86 42.47 44.29 39.70 36.11 33.82 32.02 29.22 25.68 22.74 22.28 22.18 20.82 19.01 17.59 16.38 18.32 15.88 13.09 11.56 10.94 10.27 8.97 5.29 3.10 2.47 2.11 0.77 0.09 0.00 0.00 0.00 0.00 0.00 0.00 0.75 2.09 2.75 4.43 5.91 7.54 8.69 9.65 9.29 10.09 10.09 9.58 8.55 8.18 6.38 6.20 6.36 5.12 3.74 4.93 14.42 31.89 32.82 21.06 3.18 0.00 
	0.00 3.58 8.23 19.22 19.23 16.52 8.59 8.69 7.60 8.96 10.10 11.74 14.55 14.66 14.11 15.07 14.36 15.81 14.87 14.69 15.32 14.08 13.08 12.74 10.69 10.49 9.76 10.20 12.03 12.79 13.02 12.80 14.36 13.30 10.25 7.36 5.35 3.94 2.85 0.60 0.03 0.00 0.00 0.00 0.00 0.00 0.00 0.30 0.45 1.23 3.41 5.05 8.07 9.57 11.19 16.11 25.75 29.73 34.27 36.03 39.05 43.72 43.86 38.01 34.38 33.02 30.53 28.98 24.53 21.75 22.18 22.02 19.38 18.47 17.00 16.26 18.27 15.43 13.69 12.45 11.61 11.04 9.56 5.59 3.29 2.63 2.30 0.99 0.12 0.00 0.00 0.00 0.00 0.00 0.00 0.59 1.91 2.56 3.95 4.87 6.49 7.84 9.07 8.65 9.66 9.66 9.67 8.41 8.13 6.23 6.05 5.43 4.49 3.10 2.66 10.32 31.51 34.08 24.58 2.98 0.00 
	0.00 3.19 10.70 21.50 23.83 17.67 10.73 9.01 10.15 10.24 11.28 12.20 14.79 14.71 13.91 13.44 13.31 14.87 14.54 14.45 15.82 14.87 13.98 13.65 11.39 12.94 13.62 13.86 14.89 14.87 15.40 15.21 14.71 12.45 8.95 6.57 5.28 3.46 2.45 0.63 0.03 0.00 0.00 0.00 0.00 0.00 0.00 0.24 0.45 1.23 3.87 5.00 7.54 9.10 10.80 15.52 25.28 28.86 33.45 35.83 40.09 45.95 46.89 40.12 35.88 35.08 33.46 30.33 24.39 21.46 22.46 23.08 20.49 18.76 17.26 16.88 18.35 16.71 14.77 13.22 12.10 11.98 10.50 6.53 3.26 2.62 2.29 1.05 0.12 0.00 0.00 0.00 0.00 0.00 0.00 0.37 1.53 2.31 3.47 4.25 6.06 8.10 9.54 9.05 9.28 9.68 9.71 7.97 7.18 5.29 5.12 5.50 5.07 4.42 4.30 6.79 23.22 25.82 21.08 3.62 0.00 
	0.00 3.17 12.11 16.14 20.23 12.03 12.10 7.18 9.11 8.60 9.62 10.13 11.59 12.48 13.19 12.72 12.69 13.94 13.72 14.57 15.46 14.52 13.62 13.20 11.76 13.21 14.46 14.43 15.09 15.11 15.13 14.68 13.36 10.72 7.20 5.09 3.80 2.49 1.44 0.63 0.03 0.00 0.00 0.00 0.00 0.00 0.00 0.21 0.45 1.23 4.40 5.59 8.03 9.47 11.37 16.06 25.92 29.10 33.28 35.97 41.68 48.20 50.04 41.93 37.85 37.66 37.26 32.29 26.00 22.67 24.65 25.26 22.31 19.48 18.47 17.12 17.67 16.24 14.39 12.83 11.37 11.26 10.28 6.72 3.47 2.68 2.35 1.05 0.12 0.00 0.00 0.00 0.00 0.00 0.00 0.03 1.04 1.94 3.07 3.53 5.29 7.67 9.43 9.24 9.02 9.66 9.68 7.96 7.07 5.60 5.93 6.67 6.56 6.35 6.35 4.92 25.90 34.08 33.06 10.23 0.00 
	0.00 1.41 9.18 15.55 21.45 14.42 11.74 6.45 8.62 8.02 8.61 8.92 9.76 10.64 11.56 11.08 10.77 12.11 12.34 13.64 14.85 13.83 13.14 13.17 12.04 13.20 14.65 14.46 14.84 14.55 14.67 14.23 12.78 9.98 6.60 4.87 3.68 2.37 1.32 0.63 0.03 0.00 0.00 0.00 0.00 0.00 0.00 0.15 0.45 1.04 5.09 6.29 8.41 9.63 11.75 16.00 25.86 28.05 32.22 35.57 41.77 47.91 49.71 41.42 38.79 39.19 38.81 33.99 27.71 24.33 26.68 26.00 22.28 19.04 17.50 16.12 15.15 13.81 11.96 10.70 9.05 8.99 8.21 6.34 3.25 2.45 2.12 1.02 0.12 0.00 0.00 0.00 0.00 0.00 0.00 0.00 0.88 1.69 2.72 3.19 4.65 7.47 9.16 8.91 8.75 9.68 9.28 7.84 6.46 5.28 7.46 8.50 8.53 8.81 8.81 8.00 31.87 39.60 37.54 11.41 0.00 
	0.00 0.82 6.96 12.89 17.08 11.42 8.84 5.64 7.81 6.61 7.20 7.40 8.44 9.22 10.31 9.61 10.22 11.37 11.79 13.60 15.24 14.83 14.43 14.15 13.53 14.39 15.45 15.44 14.97 14.62 14.89 14.06 12.64 9.54 5.67 4.49 3.30 1.99 1.19 0.54 0.03 0.00 0.00 0.00 0.00 0.00 0.00 0.09 0.42 0.81 5.41 6.61 8.43 10.29 12.66 16.42 24.16 24.77 30.03 33.45 38.89 44.36 47.06 41.20 39.71 38.34 38.39 33.38 27.29 23.42 25.42 24.98 21.94 18.60 17.28 16.10 14.64 12.50 10.44 9.18 7.52 7.25 6.53 5.15 2.93 2.19 1.86 0.77 0.09 0.00 0.00 0.00 0.00 0.00 0.00 0.00 0.46 1.21 2.54 3.01 4.56 7.57 9.57 9.46 9.36 9.98 9.60 8.08 6.68 5.41 7.88 9.85 9.97 10.25 10.25 10.47 35.83 45.30 40.98 13.16 0.00 
	0.00 0.23 4.22 10.83 13.85 10.31 6.75 5.22 7.69 6.48 6.94 7.13 8.96 9.89 10.67 9.27 10.28 11.23 11.74 13.91 15.65 15.73 15.22 14.65 14.32 14.99 14.92 14.85 13.82 14.00 14.86 13.82 12.36 9.23 5.36 4.58 3.38 1.58 0.99 0.48 0.00 0.00 0.00 0.00 0.00 0.00 0.00 0.15 0.48 1.17 5.94 6.90 8.59 12.09 14.49 18.15 25.15 25.19 30.76 34.20 37.00 40.56 42.66 37.19 35.81 33.95 34.75 31.58 27.80 24.93 26.59 26.31 23.67 19.66 17.43 15.60 13.14 10.45 8.52 7.26 5.63 5.27 4.67 3.98 2.58 2.00 1.67 0.57 0.09 0.00 0.00 0.00 0.00 0.00 0.00 0.00 0.33 1.02 2.46 2.95 3.90 6.91 8.62 8.60 8.46 8.97 8.76 7.85 6.39 6.86 10.04 12.01 12.22 12.30 12.30 13.76 32.35 35.80 30.24 7.74 0.00 
	0.00 0.03 2.75 6.13 14.02 12.11 11.97 5.83 7.95 6.13 6.67 6.50 8.25 9.09 9.94 8.24 9.56 10.30 11.01 12.92 14.06 13.76 13.64 12.78 12.66 13.52 13.71 13.79 13.33 13.45 14.38 13.47 11.68 8.47 5.20 4.27 3.07 1.38 0.77 0.39 0.00 0.00 0.00 0.00 0.00 0.00 0.00 0.21 0.48 1.36 5.94 6.90 8.10 11.90 14.76 18.14 24.63 24.55 28.18 31.29 33.47 36.28 38.86 34.43 33.47 33.46 35.00 32.25 28.37 24.88 24.86 24.01 21.09 16.85 14.33 12.54 10.26 8.36 6.50 5.54 4.15 3.88 3.42 2.96 1.80 1.44 1.35 0.32 0.03 0.00 0.00 0.00 0.00 0.00 0.00 0.00 0.06 0.72 2.01 2.70 3.46 5.99 7.55 7.99 7.83 8.42 8.79 8.05 6.25 7.11 10.08 14.82 16.32 15.68 13.32 16.84 27.40 31.46 24.25 8.36 0.00 
	0.00 0.00 2.00 7.26 16.06 15.79 13.23 6.60 7.78 6.17 6.53 6.07 7.23 8.17 8.59 7.09 8.20 8.62 9.56 11.02 11.96 12.47 12.22 11.47 11.98 12.84 13.72 13.49 12.44 12.49 13.31 12.47 10.58 7.28 4.55 3.64 2.65 1.16 0.58 0.30 0.00 0.00 0.00 0.00 0.00 0.00 0.09 0.33 0.51 1.59 5.76 6.93 8.32 12.34 14.67 17.02 22.50 22.60 25.82 28.43 30.63 33.22 36.43 32.71 31.75 31.15 32.79 29.73 26.47 23.23 22.70 22.04 19.40 14.69 12.07 9.97 7.53 6.24 4.28 3.61 2.86 2.68 2.40 2.24 1.17 0.92 0.86 0.09 0.00 0.00 0.00 0.00 0.00 0.00 0.00 0.00 0.06 0.65 1.89 2.89 3.69 7.25 8.53 9.19 8.89 9.45 9.53 8.75 5.72 6.88 9.66 15.19 17.30 17.11 14.35 19.11 23.68 29.62 20.97 10.25 0.00 
	0.00 0.00 2.20 7.82 20.19 20.27 17.26 7.02 6.41 5.04 5.39 4.73 5.59 6.82 7.29 7.32 8.43 9.63 10.66 12.22 12.25 12.56 12.05 10.90 10.38 9.89 9.56 10.55 9.97 10.37 10.93 10.41 9.76 7.57 4.34 3.11 2.01 1.00 0.39 0.21 0.00 0.00 0.00 0.00 0.00 0.00 0.12 0.54 0.66 1.64 5.40 6.57 8.47 12.87 15.48 18.50 23.81 23.39 26.31 28.10 28.47 29.12 31.00 27.55 27.50 26.90 27.94 26.17 24.49 21.43 19.48 17.95 15.02 10.81 7.95 5.85 3.80 2.93 1.89 1.63 0.99 0.96 0.83 0.74 0.65 0.39 0.33 0.03 0.00 0.00 0.00 0.00 0.00 0.00 0.00 0.00 0.00 0.44 1.53 2.87 3.98 7.31 8.47 9.19 9.03 9.50 9.39 8.32 5.38 6.73 9.51 14.43 16.52 16.17 13.58 21.42 21.05 31.65 20.51 14.55 0.00 
	0.00 0.00 2.56 12.20 19.84 19.33 12.21 6.58 6.46 5.74 5.89 5.54 6.28 6.40 6.67 6.71 7.41 8.61 9.55 11.11 11.38 12.11 11.73 10.95 10.16 10.39 9.64 10.73 9.88 10.25 10.66 10.36 8.99 7.03 4.23 3.03 1.87 0.71 0.30 0.12 0.00 0.00 0.00 0.00 0.00 0.00 0.12 0.63 0.75 1.69 4.88 6.10 7.91 12.70 15.39 19.13 23.67 23.59 26.62 28.63 26.62 26.55 26.75 24.15 24.03 22.74 23.32 24.52 22.53 19.27 17.13 15.35 12.72 8.43 4.55 3.34 2.34 1.58 0.84 0.68 0.29 0.26 0.16 0.06 0.06 0.06 0.03 0.00 0.00 0.00 0.00 0.00 0.00 0.00 0.00 0.00 0.00 0.21 1.14 2.90 4.20 7.35 8.43 9.05 9.03 9.37 8.84 7.57 4.63 5.68 7.73 10.39 13.07 12.60 12.75 20.41 18.16 35.68 24.53 20.84 0.00 
	0.00 0.00 2.96 10.27 18.07 17.26 12.62 6.88 7.47 7.27 7.39 6.83 6.96 6.87 7.45 7.87 7.96 9.27 10.31 11.84 12.33 13.75 13.72 13.44 12.86 12.89 11.73 12.57 10.86 10.24 10.13 9.42 8.15 6.30 3.71 2.54 1.59 0.53 0.21 0.03 0.00 0.00 0.00 0.00 0.00 0.00 0.12 0.63 0.69 1.63 3.80 5.03 6.91 11.55 14.08 18.08 21.47 22.60 25.17 26.99 25.48 25.52 25.65 23.88 22.12 20.25 21.24 21.95 19.80 16.45 14.61 13.85 12.09 7.47 3.79 2.61 1.52 0.75 0.43 0.37 0.00 0.00 0.00 0.00 0.00 0.00 0.00 0.00 0.00 0.00 0.00 0.00 0.00 0.00 0.00 0.00 0.00 0.24 0.93 2.89 4.20 6.92 7.89 8.53 8.39 8.40 7.69 6.42 3.89 4.83 5.24 7.19 11.17 10.57 12.34 20.66 19.57 45.21 33.22 28.57 0.00 
	0.00 0.20 6.02 11.76 16.57 13.33 10.43 7.84 8.40 8.79 8.71 8.15 7.68 7.25 8.21 8.84 8.93 10.04 11.09 12.07 12.15 12.56 12.71 12.27 11.58 11.60 10.75 11.53 9.50 8.47 8.28 7.66 6.33 4.87 2.86 2.16 1.20 0.24 0.12 0.00 0.00 0.00 0.00 0.00 0.00 0.00 0.12 0.63 0.66 1.60 2.96 4.18 5.97 9.65 12.07 16.26 18.13 20.06 21.14 23.37 22.69 23.45 23.12 22.70 21.02 20.68 21.96 23.15 20.42 17.35 15.29 14.15 12.31 6.98 3.11 1.75 0.65 0.30 0.27 0.21 0.00 0.00 0.00 0.00 0.00 0.00 0.00 0.00 0.00 0.00 0.00 0.00 0.00 0.00 0.00 0.00 0.00 0.21 0.51 2.83 4.07 6.68 7.14 7.99 7.79 7.90 6.93 5.74 3.12 4.37 4.37 5.80 10.86 9.58 12.83 18.45 19.54 39.89 31.19 24.74 0.00 
	0.00 1.18 11.58 13.09 15.84 8.98 9.86 8.46 8.53 9.49 9.20 8.85 7.35 7.31 8.27 8.78 8.68 9.79 10.64 10.52 9.96 10.36 10.77 10.45 9.67 9.70 10.29 10.98 8.88 7.67 7.07 6.55 5.17 3.91 2.28 1.61 0.65 0.18 0.06 0.00 0.00 0.00 0.00 0.00 0.00 0.00 0.12 0.51 0.54 1.19 1.93 2.95 4.44 6.29 8.37 12.14 13.58 15.51 16.10 19.32 20.14 20.76 20.92 20.81 19.49 19.64 20.16 20.75 17.97 14.30 12.33 11.38 9.54 4.55 1.41 0.63 0.03 0.00 0.00 0.00 0.00 0.00 0.00 0.00 0.00 0.00 0.00 0.00 0.00 0.00 0.00 0.00 0.00 0.00 0.00 0.00 0.00 0.21 0.31 2.85 4.45 6.77 7.06 7.90 7.71 7.74 6.44 4.93 2.61 2.70 2.59 4.61 10.59 10.58 13.46 19.86 21.89 36.12 26.81 18.53 0.00 
	0.00 1.97 14.41 17.38 18.25 10.60 9.82 9.61 9.10 10.45 9.96 10.20 8.18 8.14 8.49 8.61 8.39 9.61 9.96 9.81 9.32 10.01 10.55 10.36 9.49 9.31 9.51 10.39 8.62 7.20 6.32 5.77 4.61 3.76 1.90 0.93 0.27 0.09 0.00 0.00 0.00 0.00 0.00 0.00 0.00 0.00 0.12 0.42 0.45 0.80 1.55 2.15 3.26 4.68 6.32 10.74 11.85 13.28 14.06 18.18 18.80 19.55 18.83 19.25 18.54 18.39 18.40 19.38 17.03 13.54 11.67 10.61 9.28 4.29 1.35 0.57 0.00 0.00 0.00 0.00 0.00 0.00 0.00 0.00 0.00 0.00 0.00 0.00 0.00 0.00 0.00 0.00 0.00 0.00 0.00 0.00 0.00 0.21 0.34 2.87 4.75 7.19 7.26 8.11 7.92 7.82 5.84 4.06 1.64 2.04 2.40 4.63 10.88 11.76 13.40 17.97 19.33 26.00 17.11 9.85 0.00 
	0.00 2.72 14.77 19.34 17.82 10.51 8.68 10.53 10.42 11.53 11.24 11.86 10.03 9.27 8.61 8.83 8.42 9.34 9.19 8.62 8.32 8.82 9.23 9.49 8.71 8.83 8.56 9.54 8.55 6.94 5.86 5.25 4.10 3.76 1.75 0.58 0.21 0.03 0.00 0.00 0.00 0.00 0.00 0.00 0.00 0.00 0.03 0.30 0.33 0.39 1.04 1.44 2.24 3.41 4.99 8.56 9.44 10.68 11.46 16.28 17.60 18.01 18.64 20.79 20.68 21.55 21.66 22.04 20.12 16.05 12.95 11.60 9.45 3.96 1.23 0.45 0.00 0.00 0.00 0.00 0.00 0.00 0.00 0.00 0.00 0.00 0.00 0.00 0.00 0.00 0.00 0.00 0.00 0.00 0.00 0.00 0.00 0.21 0.47 2.65 4.73 5.96 6.23 6.88 6.69 6.55 4.92 2.95 3.43 4.19 6.10 6.95 12.10 12.98 12.76 16.62 20.55 27.38 18.90 9.46 0.00 
	0.00 1.94 11.32 16.25 17.28 12.23 10.14 10.43 11.08 11.79 11.50 12.32 10.30 9.25 8.27 8.09 7.60 7.82 7.58 7.01 6.82 7.22 8.03 9.07 8.98 8.82 8.74 8.83 7.88 6.18 4.57 3.94 3.00 2.38 1.43 0.42 0.15 0.00 0.00 0.00 0.00 0.00 0.00 0.00 0.00 0.00 0.00 0.09 0.12 0.18 0.51 0.67 0.85 1.44 2.38 5.12 5.80 6.80 7.53 12.40 14.30 16.14 17.78 20.15 21.69 23.96 24.94 25.43 22.86 18.44 15.34 12.77 9.50 3.69 1.02 0.30 0.00 0.00 0.00 0.00 0.00 0.00 0.00 0.00 0.00 0.00 0.00 0.00 0.00 0.00 0.00 0.00 0.00 0.00 0.00 0.00 0.00 0.18 0.60 2.41 4.20 5.15 5.83 6.47 6.31 6.12 4.65 2.97 4.44 4.80 6.80 7.68 12.12 11.82 11.60 26.09 35.06 42.01 22.37 9.69 0.00 
	0.00 1.87 14.89 20.54 22.83 13.35 10.43 9.38 10.79 11.08 10.82 11.73 9.73 8.78 7.90 7.52 7.14 7.43 7.10 6.54 6.34 6.35 7.16 8.30 8.27 7.78 8.00 8.09 7.51 5.72 3.97 3.24 2.66 1.84 0.98 0.00 0.00 0.00 0.00 0.00 0.00 0.00 0.00 0.00 0.00 0.00 0.00 0.00 0.00 0.00 0.15 0.15 0.33 0.52 1.15 2.90 3.65 4.18 4.84 8.99 11.39 13.05 15.54 18.56 20.57 23.35 24.14 23.51 21.52 17.27 13.50 10.96 7.52 2.64 1.02 0.30 0.00 0.00 0.00 0.00 0.00 0.00 0.00 0.00 0.00 0.00 0.00 0.00 0.00 0.00 0.00 0.00 0.00 0.00 0.00 0.00 0.00 0.21 0.75 2.09 3.77 4.72 5.83 6.26 6.17 5.85 4.86 3.28 5.53 5.89 7.89 9.27 10.94 10.24 13.80 28.40 42.27 41.61 23.63 7.04 0.00 
	0.00 1.64 15.11 20.43 22.95 12.70 10.60 9.30 10.68 9.98 9.54 10.86 9.41 8.24 7.21 6.50 6.70 6.65 5.93 5.29 4.63 3.86 4.10 5.90 5.91 5.91 6.34 6.81 6.95 6.07 3.66 3.24 2.60 1.78 0.98 0.00 0.00 0.00 0.00 0.00 0.00 0.00 0.00 0.00 0.00 0.00 0.00 0.00 0.00 0.00 0.00 0.00 0.00 0.19 0.41 1.97 2.39 2.64 3.19 6.84 8.82 11.02 13.12 16.46 18.74 21.74 22.47 21.84 19.72 16.05 12.30 9.76 6.30 2.23 1.02 0.30 0.00 0.00 0.00 0.00 0.00 0.00 0.00 0.00 0.00 0.00 0.00 0.00 0.00 0.00 0.00 0.00 0.00 0.00 0.00 0.00 0.00 0.39 1.00 1.97 3.66 5.39 6.91 7.55 7.38 6.99 6.37 4.89 4.78 5.71 7.81 11.46 10.95 10.25 17.46 32.65 45.39 38.41 20.22 5.37 0.00 
	0.00 2.35 17.45 23.22 23.25 11.95 9.71 9.91 11.29 10.39 9.54 11.45 10.12 9.43 7.88 7.13 7.39 7.48 6.16 5.11 4.30 4.12 4.06 6.13 6.26 6.20 6.36 6.52 6.76 6.19 3.69 3.12 2.48 1.72 0.98 0.00 0.00 0.00 0.00 0.00 0.00 0.00 0.00 0.00 0.00 0.00 0.00 0.00 0.00 0.00 0.00 0.00 0.00 0.03 0.15 1.51 1.94 2.19 2.64 5.56 7.70 9.36 11.38 14.53 16.69 19.48 20.32 19.28 17.79 14.42 10.83 8.41 5.18 1.79 1.02 0.30 0.00 0.00 0.00 0.00 0.00 0.00 0.00 0.00 0.00 0.00 0.00 0.00 0.00 0.00 0.00 0.00 0.00 0.00 0.00 0.00 0.00 0.39 1.10 1.72 3.00 5.52 7.57 8.42 8.34 7.86 7.48 6.40 4.92 5.55 8.26 12.00 11.46 11.26 22.18 24.38 34.53 25.18 19.81 7.57 0.00 
	0.00 1.83 12.45 16.98 16.15 8.94 7.69 9.27 10.24 9.44 9.29 11.68 10.60 9.38 7.56 7.16 7.29 6.86 4.86 3.91 3.71 3.53 3.33 5.43 5.56 5.60 5.76 5.83 6.27 5.92 3.45 2.91 2.30 1.63 0.98 0.00 0.00 0.00 0.00 0.00 0.00 0.00 0.00 0.00 0.00 0.00 0.00 0.00 0.00 0.00 0.00 0.00 0.00 0.00 0.09 1.26 1.58 1.84 2.29 4.30 6.47 8.17 9.25 12.33 14.53 17.11 18.29 16.84 15.36 13.11 9.70 7.25 4.22 1.29 1.02 0.30 0.00 0.00 0.00 0.00 0.00 0.00 0.00 0.00 0.00 0.00 0.00 0.00 0.00 0.00 0.00 0.00 0.00 0.00 0.00 0.00 0.00 0.36 1.13 1.72 2.77 5.39 8.28 9.32 9.28 8.72 8.38 7.94 6.19 5.31 7.44 10.77 10.01 11.19 21.02 21.38 26.51 35.72 31.58 24.08 0.00 
	0.00 2.38 12.84 16.82 15.05 7.55 6.75 8.53 9.09 8.68 8.73 10.70 10.09 8.60 6.97 6.99 6.63 6.10 4.50 3.55 3.36 2.98 2.78 4.88 5.11 5.14 5.31 5.12 5.23 4.88 2.51 1.97 1.36 0.69 0.39 0.00 0.00 0.00 0.00 0.00 0.00 0.00 0.00 0.00 0.00 0.00 0.00 0.00 0.00 0.00 0.00 0.00 0.00 0.00 0.00 0.09 0.12 0.28 0.63 2.04 4.17 5.97 7.52 9.66 11.40 13.80 15.07 13.62 12.14 10.49 8.32 6.41 3.66 1.26 0.99 0.30 0.00 0.00 0.00 0.00 0.00 0.00 0.00 0.00 0.00 0.00 0.00 0.00 0.00 0.00 0.00 0.00 0.00 0.00 0.00 0.00 0.00 0.33 1.10 1.59 2.39 5.10 9.43 10.48 10.46 9.91 9.57 9.60 7.95 3.95 5.79 7.73 8.12 9.60 18.56 18.70 23.84 33.81 30.27 23.07 0.00 
	0.00 1.83 11.41 15.20 13.59 6.38 6.19 7.54 8.10 7.89 7.71 9.44 8.82 6.92 6.01 5.94 5.58 5.26 3.85 3.30 2.90 2.63 2.53 4.43 4.65 4.69 4.80 4.64 4.55 4.20 2.03 1.48 0.87 0.29 0.20 0.00 0.00 0.00 0.00 0.00 0.00 0.00 0.00 0.00 0.00 0.00 0.00 0.00 0.00 0.00 0.00 0.00 0.00 0.00 0.00 0.00 0.03 0.09 0.15 0.74 2.19 3.97 4.93 5.84 7.38 9.08 10.46 9.61 8.12 7.16 6.22 4.62 2.88 1.17 0.90 0.30 0.00 0.00 0.00 0.00 0.00 0.00 0.00 0.00 0.00 0.00 0.00 0.00 0.00 0.00 0.00 0.00 0.00 0.00 0.00 0.00 0.00 0.33 1.00 1.53 2.33 6.18 10.80 11.87 11.96 11.41 11.13 11.56 8.68 4.38 4.70 5.53 5.44 7.79 14.46 17.15 21.30 29.79 24.78 17.77 0.00 
	0.00 2.62 11.89 14.94 12.57 5.23 5.81 6.72 7.27 7.09 6.91 8.44 8.12 6.11 5.62 5.55 5.19 4.83 3.41 2.85 2.56 2.28 2.21 3.62 3.85 3.79 3.83 3.57 3.28 2.94 1.25 0.71 0.29 0.00 0.00 0.00 0.00 0.00 0.00 0.00 0.00 0.00 0.00 0.00 0.00 0.00 0.00 0.00 0.00 0.00 0.00 0.00 0.00 0.00 0.00 0.00 0.00 0.00 0.00 0.40 1.44 2.51 3.06 4.00 4.39 4.90 5.76 5.11 4.32 3.77 2.84 2.45 1.93 0.96 0.69 0.30 0.00 0.00 0.00 0.00 0.00 0.00 0.00 0.00 0.00 0.00 0.00 0.00 0.00 0.00 0.00 0.00 0.00 0.00 0.00 0.00 0.00 0.30 0.81 1.41 2.00 5.84 10.05 11.15 11.39 11.00 10.65 11.69 8.71 4.82 5.14 5.27 5.56 7.13 10.88 21.98 28.67 24.97 11.86 3.12 0.00 
	0.00 1.35 8.64 11.56 10.45 5.16 5.64 6.65 7.29 7.22 6.89 8.25 7.71 6.00 5.41 5.24 4.88 4.40 3.06 2.51 2.21 1.93 1.87 2.98 3.04 2.85 2.59 2.33 2.05 1.70 0.31 0.06 0.00 0.00 0.00 0.00 0.00 0.00 0.00 0.00 0.00 0.00 0.00 0.00 0.00 0.00 0.00 0.00 0.00 0.00 0.00 0.00 0.00 0.00 0.00 0.00 0.00 0.00 0.00 0.27 1.15 1.76 2.21 2.47 2.85 3.17 3.91 3.42 2.90 2.45 2.20 1.81 1.50 0.75 0.48 0.09 0.00 0.00 0.00 0.00 0.00 0.00 0.00 0.00 0.00 0.00 0.00 0.00 0.00 0.00 0.00 0.00 0.00 0.00 0.00 0.00 0.03 0.54 0.98 1.62 2.09 6.02 9.96 11.05 11.00 10.87 10.65 12.00 10.05 6.48 7.40 7.22 8.30 9.48 12.59 26.57 33.29 29.51 11.80 3.12 0.00 
	0.00 1.38 4.47 7.02 5.88 4.52 4.70 5.59 6.14 6.39 6.21 7.47 6.80 5.52 4.88 4.53 4.17 3.71 2.48 1.95 1.72 1.50 1.39 1.35 1.38 1.12 0.86 0.61 0.42 0.27 0.15 0.00 0.00 0.00 0.00 0.00 0.00 0.00 0.00 0.00 0.00 0.00 0.00 0.20 0.20 0.20 0.20 0.20 0.20 0.20 0.00 0.00 0.00 0.00 0.00 0.00 0.00 0.00 0.00 0.27 0.66 0.89 1.31 1.56 1.95 2.26 2.81 2.81 2.62 2.20 1.94 1.56 1.24 0.69 0.42 0.03 0.00 0.00 0.00 0.00 0.00 0.00 0.00 0.00 0.00 0.00 0.00 0.00 0.00 0.00 0.00 0.00 0.00 0.00 0.00 0.00 0.09 0.39 0.74 1.53 1.90 5.53 9.07 9.91 10.18 10.55 10.27 12.22 12.82 10.06 11.10 11.18 12.26 12.16 15.14 23.98 32.33 27.69 12.65 3.12 0.00 
	0.00 0.99 2.92 4.89 3.94 2.98 2.80 3.60 4.15 4.37 4.77 5.55 4.97 3.51 2.70 2.15 1.63 1.05 0.25 0.15 0.15 0.00 0.06 0.09 0.09 0.09 0.09 0.09 0.09 0.03 0.00 0.00 0.00 0.00 0.00 0.00 0.00 0.00 0.06 0.07 0.07 0.07 0.07 1.44 1.44 1.44 1.44 1.44 1.44 1.44 0.07 0.07 0.07 0.01 0.00 0.00 0.00 0.00 0.00 0.27 0.57 0.57 0.57 0.60 0.69 0.81 0.84 0.84 0.84 0.84 0.81 0.72 0.60 0.57 0.30 0.00 0.00 0.00 0.00 0.00 0.00 0.00 0.00 0.00 0.00 0.00 0.00 0.00 0.00 0.00 0.00 0.00 0.00 0.00 0.00 0.00 0.18 0.58 0.99 1.78 2.15 5.21 8.26 8.59 8.87 9.46 9.59 12.15 13.75 11.30 11.93 13.09 13.47 14.17 15.14 15.88 25.43 18.72 11.77 0.02 0.00 
	0.00 1.38 3.50 11.58 10.43 9.29 2.82 3.62 4.17 4.26 4.17 4.05 3.41 1.98 1.18 0.63 0.21 0.12 0.00 0.00 0.00 0.00 0.00 0.00 0.00 0.00 0.00 0.00 0.00 0.00 0.00 0.00 0.00 0.00 0.00 0.00 0.00 0.00 0.07 0.17 0.41 0.48 0.48 1.85 2.34 2.34 2.28 2.07 2.01 2.01 0.64 0.15 0.15 0.08 0.05 0.01 0.00 0.00 0.00 0.27 0.39 0.39 0.39 0.39 0.45 0.57 0.57 0.57 0.57 0.57 0.57 0.51 0.39 0.39 0.12 0.00 0.00 0.00 0.00 0.00 0.00 0.00 0.00 0.00 0.00 0.00 0.00 0.00 0.00 0.00 0.00 0.00 0.00 0.00 0.00 0.06 0.27 0.77 1.22 1.81 2.20 5.25 7.42 7.73 7.90 8.99 9.20 11.98 12.96 11.33 11.85 14.59 13.48 16.69 14.10 11.01 21.03 18.55 17.05 2.40 0.00 
	0.00 2.17 5.79 14.08 12.32 9.70 3.13 3.91 4.49 4.13 3.83 3.54 2.93 1.60 0.82 0.24 0.21 0.12 0.00 0.00 0.00 0.00 0.00 0.00 0.00 0.00 0.00 0.00 0.00 0.00 0.00 0.00 0.00 0.00 0.00 0.00 0.00 0.00 0.07 0.29 0.62 0.77 0.84 2.22 3.01 3.10 2.92 2.71 2.59 2.56 1.19 0.41 0.31 0.23 0.20 0.08 0.05 0.01 0.00 0.00 0.00 0.00 0.00 0.00 0.00 0.00 0.00 0.00 0.00 0.00 0.00 0.00 0.00 0.00 0.00 0.00 0.00 0.00 0.00 0.00 0.00 0.00 0.00 0.00 0.00 0.00 0.00 0.00 0.00 0.00 0.00 0.00 0.00 0.00 0.00 0.15 0.46 1.05 1.47 1.97 2.45 5.19 5.83 6.66 6.93 9.25 11.01 13.89 14.98 14.79 15.06 17.42 14.69 17.67 12.27 16.11 27.01 27.35 19.51 2.38 0.00 
	0.00 1.61 7.09 15.05 14.13 9.64 2.60 3.38 3.76 3.40 3.07 2.55 1.94 1.44 0.65 0.24 0.21 0.12 0.00 0.00 0.00 0.00 0.00 0.00 0.00 0.00 0.00 0.00 0.00 0.00 0.00 0.00 0.00 0.00 0.00 0.00 0.00 0.01 0.08 0.36 0.69 0.85 1.03 2.43 3.28 3.67 3.53 3.32 3.20 3.05 1.67 0.89 0.49 0.32 0.28 0.15 0.12 0.08 0.05 0.00 0.00 0.00 0.00 0.00 0.00 0.00 0.00 0.00 0.00 0.00 0.00 0.00 0.00 0.00 0.00 0.00 0.00 0.00 0.00 0.00 0.00 0.00 0.00 0.00 0.00 0.00 0.00 0.00 0.00 0.00 0.00 0.00 0.00 0.00 0.15 0.49 0.99 1.65 2.05 2.58 2.92 4.59 4.74 6.09 6.61 9.58 11.64 14.22 16.23 16.34 16.51 17.36 15.78 17.70 14.54 23.19 31.97 31.63 17.24 2.38 0.00 
	0.00 1.27 8.60 9.74 9.41 2.90 2.67 3.48 3.61 3.43 3.07 2.22 1.61 1.12 0.31 0.09 0.06 0.00 0.00 0.00 0.00 0.00 0.00 0.00 0.00 0.00 0.00 0.00 0.00 0.00 0.00 0.00 0.00 0.00 0.00 0.00 0.00 0.01 0.08 0.57 0.91 1.07 1.28 2.71 3.55 4.13 3.88 3.87 3.76 3.58 2.17 1.39 0.79 0.52 0.29 0.15 0.12 0.08 0.05 0.00 0.00 0.00 0.00 0.00 0.00 0.00 0.00 0.00 0.00 0.00 0.00 0.00 0.00 0.00 0.00 0.00 0.00 0.00 0.00 0.00 0.00 0.00 0.00 0.00 0.00 0.00 0.00 0.00 0.00 0.00 0.00 0.00 0.00 0.00 0.35 0.88 1.38 2.05 2.76 3.30 3.96 5.31 5.78 7.94 8.37 11.16 14.45 16.31 18.42 18.22 18.07 17.46 16.76 16.27 14.82 23.01 28.15 25.81 10.68 0.02 0.00 
	0.00 1.20 8.83 9.19 9.43 2.36 3.08 3.82 3.85 3.73 3.37 2.02 1.61 0.90 0.15 0.03 0.00 0.00 0.00 0.00 0.00 0.00 0.00 0.00 0.00 0.00 0.00 0.00 0.00 0.00 0.00 0.00 0.00 0.00 0.00 0.00 0.00 0.02 0.09 0.67 1.90 2.65 2.96 4.42 5.25 5.94 5.79 4.99 4.38 4.11 2.67 1.89 1.19 0.72 0.39 0.15 0.12 0.08 0.05 0.00 0.00 0.00 0.00 0.00 0.00 0.00 0.00 0.00 0.00 0.00 0.00 0.00 0.00 0.00 0.00 0.00 0.00 0.00 0.00 0.00 0.00 0.00 0.00 0.00 0.00 0.00 0.00 0.00 0.00 0.00 0.00 0.00 0.10 0.38 0.72 1.35 2.04 2.66 3.49 3.83 4.21 5.36 6.25 8.46 8.93 11.40 15.01 17.27 18.46 18.23 16.89 15.88 16.84 20.39 22.13 24.89 21.50 16.53 5.89 0.02 0.00 
	0.00 2.02 8.11 8.44 8.22 2.45 3.59 4.24 4.18 4.06 3.73 2.09 1.88 0.74 0.09 0.00 0.00 0.00 0.00 0.00 0.00 0.00 0.00 0.00 0.00 0.00 0.00 0.00 0.00 0.00 0.00 0.00 0.00 0.00 0.00 0.18 0.22 0.24 0.31 0.98 2.31 3.24 3.38 4.71 5.73 6.45 6.59 5.85 5.15 4.97 3.64 2.66 1.93 1.08 0.58 0.25 0.12 0.08 0.05 0.00 0.00 0.00 0.00 0.00 0.00 0.00 0.00 0.00 0.00 0.00 0.00 0.00 0.00 0.00 0.00 0.00 0.00 0.00 0.00 0.00 0.00 0.00 0.00 0.00 0.00 0.00 0.00 0.00 0.00 0.00 0.00 0.10 0.29 0.57 0.92 1.86 2.67 3.37 4.11 4.17 4.55 5.32 6.40 8.48 8.88 11.17 14.87 16.53 17.43 16.88 14.75 14.71 17.13 23.56 22.68 20.47 13.03 9.35 3.64 0.02 0.00 
	0.00 4.82 7.78 8.28 5.61 2.80 4.25 4.71 4.56 4.47 3.97 2.03 1.97 0.51 0.06 0.00 0.00 0.00 0.00 0.00 0.00 0.00 0.00 0.00 0.00 0.00 0.00 0.00 0.00 0.00 0.00 0.00 0.00 0.03 0.15 0.33 0.52 0.76 1.04 2.00 3.79 4.60 4.74 4.75 5.56 7.51 7.37 6.46 6.11 5.93 5.88 4.87 2.70 1.85 1.04 0.35 0.22 0.08 0.05 0.00 0.00 0.00 0.00 0.00 0.00 0.00 0.00 0.00 0.00 0.00 0.00 0.00 0.00 0.00 0.00 0.00 0.00 0.00 0.00 0.10 1.08 1.08 1.08 1.08 1.08 1.08 0.98 0.00 0.00 0.00 0.00 0.29 0.49 0.77 1.52 2.55 3.41 4.17 4.55 4.60 5.18 5.66 7.24 9.72 9.85 12.23 15.53 17.16 17.75 17.18 13.24 16.32 17.86 26.49 22.97 21.12 12.05 9.13 3.64 0.41 0.00 
	0.00 7.67 9.05 9.96 4.29 3.43 5.04 5.30 5.15 4.86 3.94 2.15 1.93 0.32 0.06 0.00 0.00 0.00 0.00 0.00 0.00 0.00 0.00 0.00 0.00 0.00 0.00 0.00 0.00 0.00 0.00 0.00 0.06 0.21 0.33 0.55 0.89 1.39 2.13 2.98 4.83 5.78 5.92 5.85 5.93 8.24 8.37 7.29 7.29 7.46 7.77 7.49 4.76 3.70 2.86 1.68 1.20 0.67 0.34 0.00 0.00 0.00 0.00 0.00 0.00 0.00 0.01 0.01 0.01 0.01 0.01 0.01 0.02 0.02 0.02 0.02 0.11 0.26 0.32 0.55 2.11 2.40 2.40 2.31 2.16 2.10 1.87 0.29 0.00 0.00 0.39 0.84 1.07 2.40 3.38 4.49 5.32 5.61 5.90 6.05 5.57 5.72 7.23 9.53 9.76 11.58 14.74 16.35 17.24 16.88 12.57 18.50 19.25 30.20 21.19 20.39 8.98 10.28 4.82 1.40 0.00 
	0.00 9.06 9.73 10.84 3.82 4.45 5.97 6.03 5.65 4.97 3.86 2.24 1.60 0.09 0.03 0.00 0.00 0.00 0.00 0.00 0.00 0.00 0.00 0.00 0.00 0.00 0.00 0.00 0.00 0.00 0.00 0.03 0.18 0.33 0.47 0.92 1.35 1.85 2.72 3.46 5.42 6.52 6.72 6.74 6.52 8.80 9.13 8.46 8.42 8.35 8.44 8.57 5.83 4.96 3.72 2.52 2.01 1.45 1.03 0.59 0.29 0.10 0.00 0.00 0.00 0.00 0.13 0.23 0.23 0.23 0.23 0.23 0.25 0.17 0.07 0.07 0.25 0.40 0.46 0.69 2.38 3.26 3.85 4.06 4.02 4.16 4.03 2.44 1.53 0.97 0.97 1.73 2.28 3.62 4.68 5.68 6.60 6.80 6.80 6.54 5.93 5.70 7.48 9.48 10.23 10.92 12.54 14.17 14.25 13.87 9.36 17.48 16.57 34.36 24.31 24.83 7.64 10.15 5.80 2.58 0.00 
	0.00 7.50 8.61 9.67 4.20 5.31 6.63 6.69 6.07 4.96 3.90 2.49 1.38 0.06 0.00 0.00 0.00 0.00 0.00 0.00 0.00 0.00 0.00 0.00 0.00 0.00 0.00 0.00 0.00 0.00 0.00 0.15 0.31 0.47 0.64 1.39 1.82 2.40 3.27 3.95 6.10 7.20 7.02 7.13 6.96 9.11 10.24 9.56 9.72 9.69 9.75 9.83 7.18 5.69 4.24 2.94 2.52 1.90 1.42 0.88 0.49 0.29 0.10 0.00 0.00 0.20 0.32 0.53 0.64 0.64 0.64 0.64 0.48 0.41 0.22 0.12 0.46 0.71 1.16 1.48 3.28 4.29 5.05 5.19 5.10 4.84 4.64 3.04 2.09 1.85 2.68 3.89 4.46 5.88 6.70 7.41 7.73 7.03 6.52 6.17 5.39 5.24 7.00 8.46 9.39 9.66 11.16 12.46 12.63 12.26 9.15 17.41 16.87 42.07 33.65 34.39 8.39 10.13 6.00 3.96 0.00 
	0.00 6.12 7.85 8.90 6.66 8.17 9.32 9.35 6.74 5.01 3.96 2.69 1.18 0.03 0.00 0.00 0.00 0.00 0.00 0.00 0.00 0.00 0.00 0.00 0.00 0.00 0.00 0.00 0.02 0.05 0.05 0.27 0.43 0.59 0.76 1.75 2.31 2.90 3.81 4.51 7.08 8.18 7.84 8.19 8.58 10.77 11.80 10.76 10.92 11.05 10.72 10.23 7.53 6.24 4.85 3.52 2.91 2.48 1.96 1.35 0.85 0.56 0.45 0.45 0.25 0.44 0.56 0.75 0.83 0.93 0.95 1.18 1.32 1.38 1.37 1.43 1.57 1.82 2.07 2.10 3.77 4.59 5.20 5.64 5.55 5.36 5.23 3.62 2.81 2.97 3.51 4.64 5.20 6.72 7.33 7.75 8.26 7.66 6.84 6.29 5.23 5.37 6.83 7.20 8.21 9.40 10.35 11.18 11.25 10.40 8.74 16.44 18.65 37.94 32.99 30.23 9.39 8.01 4.62 3.96 0.00 
	0.00 5.58 7.72 9.83 8.51 10.61 11.83 11.83 8.81 6.67 4.56 3.52 1.43 0.21 0.21 0.00 0.00 0.00 0.00 0.00 0.00 0.00 0.00 0.00 0.00 0.00 0.02 0.03 0.05 0.07 0.08 0.30 0.49 0.68 0.91 1.98 2.64 3.54 4.89 5.47 7.43 7.84 7.93 8.16 8.45 10.43 11.34 11.11 12.19 12.16 12.07 11.58 8.78 7.70 6.27 4.86 3.92 3.32 2.83 2.26 1.75 2.07 2.03 2.03 1.82 1.81 1.84 2.02 1.54 1.34 1.37 1.61 1.77 1.83 1.79 1.83 2.00 2.12 2.31 2.31 3.95 4.77 5.98 6.28 6.37 6.19 6.09 4.91 4.32 4.02 4.56 5.68 6.15 7.42 7.65 7.79 8.00 7.19 5.98 6.04 5.24 5.78 6.60 7.06 8.27 9.85 11.73 11.54 11.17 10.43 9.40 15.24 23.84 32.67 33.03 24.84 12.43 9.14 5.18 4.95 0.00 
	0.00 6.54 9.27 13.30 10.72 12.82 13.63 13.69 10.70 8.56 4.57 4.01 1.32 0.73 0.87 0.87 1.08 1.08 0.84 0.84 0.63 0.41 0.21 0.00 0.01 0.04 0.05 0.06 0.08 0.11 0.12 0.34 0.62 0.86 1.10 2.19 3.51 4.72 6.18 6.57 8.34 9.08 9.35 8.81 8.61 12.52 13.33 13.24 13.96 14.47 15.10 14.86 10.02 9.22 7.83 6.63 5.06 3.87 3.42 3.00 2.65 3.00 2.86 2.86 2.80 2.82 2.66 2.69 2.15 1.92 1.82 1.90 2.03 2.06 1.93 1.91 2.27 2.39 2.60 2.60 4.32 5.25 6.45 6.56 6.78 6.71 6.82 5.94 5.36 5.17 5.80 6.73 7.01 8.04 7.86 7.67 7.65 6.75 5.65 5.82 5.23 5.96 7.01 8.24 10.24 12.64 14.50 13.93 12.74 11.57 11.27 20.63 29.61 27.77 23.75 15.95 14.56 10.87 6.34 4.55 0.00 
	0.00 6.09 10.05 13.86 11.47 12.83 13.32 13.44 10.55 8.39 4.74 4.39 1.28 1.00 1.08 1.05 1.67 1.66 1.41 1.41 1.20 0.98 0.78 0.15 0.16 0.06 0.06 0.07 0.12 0.27 0.34 0.62 1.07 1.29 1.41 2.98 4.16 5.20 6.39 6.32 7.63 9.19 8.94 8.44 8.37 11.13 12.27 12.47 12.33 13.67 14.19 14.57 11.30 10.68 9.69 8.84 6.86 6.26 5.39 4.97 4.44 4.69 4.86 4.68 4.13 4.13 3.86 4.06 3.60 3.07 3.07 3.14 3.26 3.39 3.47 3.81 4.17 3.98 4.26 4.70 5.34 5.88 6.48 6.41 6.82 7.26 6.98 7.49 7.10 7.00 7.64 8.17 7.83 8.67 8.63 8.14 8.00 6.94 7.06 8.26 8.00 7.68 8.20 9.01 11.18 13.97 14.63 14.12 13.13 13.16 17.81 28.56 34.89 34.62 27.50 21.82 13.92 11.17 5.95 4.16 0.00 
	0.00 5.30 9.51 12.91 11.31 12.25 13.16 13.28 10.45 8.44 5.20 4.85 1.77 1.06 1.14 1.05 1.87 1.86 1.62 1.62 1.40 1.19 0.98 0.15 0.16 0.06 0.06 0.13 0.24 0.39 0.46 0.79 1.37 1.59 1.86 3.36 4.45 5.26 5.89 5.88 7.21 8.39 8.54 8.37 8.65 11.15 11.97 12.15 11.79 13.61 13.61 14.19 11.34 11.09 10.31 10.27 7.82 7.52 6.43 6.98 7.27 7.31 7.48 6.99 6.64 6.55 5.58 4.76 4.30 3.37 3.26 3.44 3.65 3.88 3.96 4.30 4.86 5.50 5.53 5.74 5.70 6.14 6.95 6.88 6.56 6.97 6.82 7.91 7.61 7.30 7.35 7.62 7.25 7.03 6.76 6.16 6.04 5.41 5.68 7.30 8.00 7.89 8.52 9.28 11.83 14.62 14.70 14.09 12.88 17.88 22.13 32.05 27.51 29.30 20.08 19.58 9.85 8.65 4.37 2.78 0.00 
	0.00 3.13 7.38 10.37 10.71 10.86 12.24 12.36 9.73 8.13 5.30 4.98 2.27 1.12 1.20 1.11 2.08 2.07 1.82 1.82 1.61 1.39 1.19 0.15 0.16 0.06 0.06 0.22 0.33 0.48 0.55 0.85 1.60 2.24 3.10 4.45 5.50 6.31 6.83 6.66 9.00 9.72 10.46 10.55 11.14 13.77 14.66 14.62 14.32 15.97 16.02 16.50 13.74 13.12 10.95 10.52 7.81 7.74 6.74 7.41 9.53 9.97 10.45 9.96 9.18 8.99 7.73 5.27 4.60 3.46 3.36 3.44 3.46 3.78 3.96 4.40 4.97 6.10 6.72 7.03 7.16 7.09 7.31 7.03 6.23 5.83 5.49 6.28 6.47 6.62 6.87 6.77 6.30 6.12 5.81 5.22 5.04 4.51 6.42 8.65 9.33 9.39 10.63 10.89 13.31 14.98 15.34 14.20 13.02 20.31 23.77 26.32 18.26 23.19 19.21 18.36 5.52 5.28 1.61 1.58 0.00 
	0.00 5.56 8.59 11.58 9.24 9.71 11.21 11.85 9.46 8.36 5.56 5.24 3.01 1.93 1.50 1.61 2.52 2.48 2.23 2.23 1.81 1.60 1.19 0.15 0.16 0.09 0.21 0.37 0.48 0.63 0.99 1.37 2.21 3.15 4.50 5.55 6.60 7.09 7.46 7.20 8.85 9.05 10.02 10.01 10.62 13.13 13.61 13.67 13.37 15.45 15.76 16.60 14.42 14.92 13.28 13.55 10.90 10.93 10.83 11.12 12.90 13.94 13.84 12.95 11.94 10.35 9.49 6.73 4.93 4.01 3.89 4.01 4.32 4.24 4.32 5.29 5.70 7.14 7.47 7.71 7.77 7.60 7.19 6.77 5.57 5.48 5.04 6.01 6.41 6.28 5.92 5.39 4.88 5.44 5.10 4.51 4.69 4.72 8.18 11.00 11.15 11.28 12.43 12.68 14.60 15.63 15.18 13.62 11.67 20.63 21.72 23.57 13.28 17.32 13.38 11.69 2.63 3.24 1.01 0.99 0.00 
	0.00 10.34 13.40 17.21 8.41 8.67 10.15 11.11 11.19 9.85 6.29 5.62 3.78 2.74 1.98 1.67 2.58 2.48 2.23 2.23 1.81 1.60 1.19 0.15 0.25 0.21 0.33 0.49 0.80 1.34 1.80 2.47 3.48 4.41 5.78 6.70 7.32 7.67 7.56 6.89 8.13 8.33 9.14 8.73 8.71 11.03 12.18 12.42 12.13 16.21 17.35 18.78 16.86 17.40 16.17 16.65 12.10 11.83 11.74 13.27 15.36 16.71 16.71 16.13 15.22 13.83 11.85 8.57 6.57 5.24 5.22 4.93 5.15 5.15 5.35 6.07 6.78 7.93 8.91 9.65 10.38 10.42 10.37 10.06 9.77 9.65 9.53 10.40 10.67 10.15 10.51 9.37 8.84 8.59 7.59 6.94 6.53 5.63 8.65 11.07 10.90 11.03 11.86 12.36 13.56 13.79 13.09 11.94 10.40 16.30 18.89 23.21 19.59 26.64 23.42 18.48 5.64 2.12 0.21 0.20 0.00 
	0.00 17.01 18.88 21.63 6.33 6.99 8.16 9.13 8.96 8.76 6.88 6.30 4.85 4.10 3.34 3.08 3.26 2.54 2.23 2.23 1.84 1.72 1.40 0.45 0.55 0.51 0.92 1.25 1.47 2.13 2.90 3.78 4.76 5.37 6.89 8.12 9.15 9.40 9.08 9.26 10.23 10.08 9.96 8.95 8.46 10.55 11.30 11.74 11.00 15.54 16.47 18.74 17.72 18.05 17.70 19.44 15.05 15.19 14.20 14.97 16.86 16.83 15.85 15.26 14.14 12.95 11.06 7.78 6.38 5.21 5.16 4.81 5.00 4.97 5.17 5.89 6.53 7.71 8.76 9.53 10.31 10.35 9.71 9.53 9.04 9.02 10.13 10.85 11.52 11.59 12.01 11.01 10.41 9.12 8.29 7.24 6.86 5.93 8.99 10.88 10.54 10.20 11.02 11.35 11.84 11.26 8.82 8.98 9.31 13.32 18.00 26.05 26.66 30.49 22.92 15.16 4.72 0.81 0.00 0.00 0.00 
	0.00 20.10 22.36 23.30 5.46 5.14 6.73 7.84 7.49 7.32 7.58 7.28 6.81 6.05 5.15 4.28 4.22 3.20 2.77 2.50 2.00 2.08 2.57 2.53 3.09 3.64 4.55 4.79 5.00 5.46 6.16 6.76 7.37 7.92 9.84 10.67 10.59 10.11 9.57 9.41 11.26 11.42 12.01 12.30 13.47 14.27 14.85 13.74 12.37 15.89 16.61 17.38 17.71 18.11 17.79 19.09 15.29 15.21 14.57 15.33 17.47 17.81 17.14 17.16 17.56 15.96 13.99 10.47 8.72 7.37 6.64 4.60 4.83 4.83 5.11 5.89 6.34 7.52 8.56 9.33 10.02 9.96 9.32 9.33 8.75 8.63 9.56 9.98 10.67 10.65 10.99 10.09 9.59 8.47 8.05 6.97 6.59 5.63 8.69 10.57 10.02 9.26 9.64 9.39 10.02 9.99 8.98 9.18 10.53 13.55 15.53 23.20 26.58 28.94 21.28 12.47 6.76 3.00 1.38 0.59 0.00 
	0.00 17.28 19.71 20.65 6.01 5.79 9.15 11.02 9.65 7.94 8.44 8.19 8.31 9.88 8.66 8.48 8.44 8.34 8.49 8.32 5.68 5.41 5.04 4.79 4.19 4.13 5.05 5.50 5.79 6.13 6.80 7.34 7.77 8.11 9.63 9.78 9.71 9.16 8.88 9.19 11.43 11.30 12.80 13.61 14.87 15.96 17.99 16.96 15.09 15.81 15.53 15.69 15.91 16.14 15.74 17.04 13.46 12.87 12.65 13.41 15.76 16.21 15.24 15.46 16.36 14.76 12.90 9.18 7.33 6.29 5.47 3.43 3.66 3.56 3.64 4.03 4.48 5.95 6.89 7.17 7.96 8.30 8.24 8.45 7.66 7.04 8.44 8.47 8.97 8.85 9.19 8.50 8.60 7.69 6.68 5.80 5.42 4.46 6.46 7.33 6.23 6.53 6.92 6.72 9.51 9.08 8.88 7.45 8.23 10.01 11.80 18.74 21.65 22.70 14.80 10.35 6.17 4.15 1.38 0.59 0.00 
	0.00 18.80 21.76 22.90 8.03 7.68 10.65 13.13 11.29 8.86 8.36 8.23 8.68 11.70 10.13 10.62 10.78 11.30 11.66 11.49 8.61 8.28 7.91 7.87 7.06 7.00 8.13 7.90 7.92 7.68 7.94 8.02 7.85 7.66 9.03 9.24 9.13 8.57 8.35 8.64 10.58 10.63 11.74 12.32 13.84 15.63 17.77 17.33 14.62 14.91 14.17 13.86 14.19 14.30 13.69 14.68 11.52 11.03 11.33 11.40 12.92 13.58 12.60 13.15 13.85 12.35 11.17 8.47 7.35 6.71 5.99 3.13 3.27 3.07 3.15 3.54 3.69 4.18 5.33 5.70 6.59 6.72 6.46 6.76 6.85 6.32 7.73 7.76 8.46 8.54 9.09 8.50 8.60 7.69 6.68 5.80 5.39 4.40 6.21 6.58 5.49 5.78 6.16 5.98 9.17 9.24 10.12 8.32 7.64 8.61 8.11 20.49 20.93 27.42 15.01 14.45 7.14 5.32 1.38 0.59 0.00 
	0.00 20.23 23.07 26.36 10.61 10.26 10.63 13.34 11.51 9.11 7.82 7.69 8.17 11.64 10.07 10.56 10.58 11.10 11.45 11.28 8.41 8.08 7.70 7.87 7.06 7.00 8.13 7.81 7.83 7.59 7.85 7.93 7.50 6.89 7.65 7.79 7.57 7.00 6.71 7.21 8.02 8.33 8.74 9.35 11.17 13.85 15.43 14.22 11.24 12.16 11.58 10.54 10.70 11.04 12.18 13.58 10.72 10.02 10.32 10.38 10.38 10.83 9.65 11.62 13.44 13.13 10.71 8.84 7.20 7.84 8.20 5.08 4.33 3.05 3.13 5.60 5.84 5.84 4.23 4.30 4.89 4.93 4.67 4.87 5.36 5.43 6.93 7.27 8.07 8.24 9.00 8.47 8.37 7.42 6.39 5.50 4.99 3.89 4.34 4.50 3.45 3.76 3.31 3.23 5.42 4.73 4.96 4.72 6.40 12.20 11.24 22.78 16.84 23.33 10.70 12.61 7.09 5.52 2.56 0.00 0.00 
	0.00 28.20 33.51 38.48 19.40 17.58 17.60 18.23 15.38 11.47 7.05 6.95 7.43 10.82 9.77 10.06 10.14 10.69 11.04 11.95 9.28 8.95 7.70 7.87 7.78 8.41 10.49 10.17 10.91 11.03 10.99 10.52 9.28 9.09 9.71 10.17 8.51 7.35 7.72 9.40 11.98 11.79 11.81 11.99 17.46 21.57 19.41 13.22 7.76 10.66 11.78 11.85 12.14 11.48 12.39 14.55 12.53 12.25 10.76 10.70 10.72 10.32 9.40 10.78 11.77 12.30 10.54 10.31 10.42 10.47 14.78 10.56 8.62 2.34 2.63 5.04 6.09 6.65 5.54 4.80 4.38 3.41 3.59 4.00 4.92 5.08 6.74 6.92 7.57 7.71 8.27 7.73 7.64 5.86 4.95 4.15 4.45 4.75 4.79 4.12 2.87 4.11 5.19 6.19 5.52 6.01 6.51 8.24 9.28 12.99 10.73 20.25 14.31 17.05 4.18 6.70 6.70 6.30 3.74 0.00 0.00 
	0.00 22.46 27.12 31.23 16.70 14.68 14.51 16.88 17.22 14.94 11.57 9.07 9.55 13.16 12.64 13.91 13.56 14.66 16.99 21.01 22.12 28.09 23.15 19.37 10.14 11.17 12.14 12.61 12.18 11.70 10.39 9.36 7.94 7.76 9.41 11.56 13.51 13.17 13.62 13.98 18.02 20.23 22.75 23.65 26.05 26.44 22.07 15.23 9.82 8.86 11.38 11.66 12.60 11.44 12.67 14.82 13.73 12.98 10.90 9.34 8.76 8.15 7.43 9.18 10.85 11.57 10.54 10.43 10.40 10.78 14.98 11.49 9.32 2.83 2.41 5.13 6.25 7.91 6.52 7.35 5.80 7.30 6.89 6.82 5.53 5.06 6.66 6.97 7.64 8.48 10.39 10.88 10.45 6.52 5.17 4.55 6.83 7.79 7.03 5.27 5.53 6.85 7.18 6.02 4.84 4.99 4.99 6.37 7.85 12.04 11.30 12.52 7.57 6.96 2.99 3.55 6.11 5.12 3.74 0.00 0.00 
	0.00 18.57 23.65 25.60 13.36 10.71 12.69 15.03 17.10 20.56 19.67 19.86 18.49 24.92 24.40 23.56 25.07 26.08 27.76 27.11 26.04 31.20 25.81 23.38 15.95 20.21 29.13 26.93 22.88 12.64 11.78 10.34 9.32 13.02 15.05 16.20 13.29 12.08 12.80 12.32 17.61 20.31 23.65 24.73 27.23 28.67 28.06 22.46 18.11 14.34 16.26 14.93 14.54 12.36 12.00 13.14 12.06 11.31 9.15 8.94 8.22 7.83 7.36 7.46 8.64 8.49 9.11 9.91 10.62 9.93 13.03 9.68 8.39 2.77 2.36 2.90 4.03 5.70 6.67 7.50 5.91 7.22 7.59 8.48 7.78 7.64 7.65 7.29 6.16 6.50 8.73 10.40 13.51 10.61 9.18 5.70 8.05 8.98 11.76 12.35 13.71 13.09 11.93 9.58 7.58 8.59 9.37 10.13 8.79 8.25 7.93 7.08 5.91 4.74 3.34 3.35 3.35 2.36 1.18 0.00 0.00 
	0.00 6.40 8.60 8.84 3.48 1.91 1.92 5.61 9.69 16.34 18.30 18.02 16.27 22.49 21.97 21.55 23.08 24.39 26.39 24.95 24.19 29.36 24.45 21.30 12.69 15.64 22.97 20.86 16.09 5.69 4.92 4.11 4.10 7.07 8.34 9.33 8.26 8.31 8.66 7.39 10.47 13.38 16.40 17.30 14.75 13.42 14.33 14.37 13.99 10.00 10.22 8.95 8.78 7.24 6.85 7.04 5.06 4.66 3.09 3.28 2.50 1.93 1.55 2.16 2.77 3.38 3.12 2.91 3.29 3.29 3.29 2.90 2.70 2.50 2.11 2.30 2.67 3.45 3.83 5.45 4.85 7.14 7.51 8.43 7.73 7.58 7.55 7.17 5.99 6.30 8.50 10.17 13.27 10.39 8.93 5.45 7.00 6.78 8.97 9.76 11.91 10.08 7.52 4.09 2.85 3.71 4.86 5.61 5.37 5.96 6.20 4.89 3.73 3.16 2.93 1.77 0.59 0.00 0.00 0.00 0.00 
	0.00 4.15 5.97 6.18 2.58 1.40 1.40 2.22 2.89 8.75 10.97 13.57 11.71 15.38 15.03 13.39 14.94 14.81 14.30 9.63 7.24 6.46 6.10 7.53 9.12 12.23 20.67 17.55 13.66 3.45 3.83 3.22 3.21 6.39 6.98 6.39 1.99 1.35 1.84 1.83 3.08 3.18 3.58 3.44 3.56 5.33 8.28 9.14 9.92 7.93 7.34 5.77 4.98 3.81 2.82 2.82 2.22 2.41 1.43 2.02 1.65 1.08 0.30 0.12 0.12 0.32 0.49 0.66 0.65 0.65 0.65 0.45 0.26 0.06 0.06 0.05 0.23 0.22 0.39 0.24 0.24 0.04 0.83 1.81 2.40 2.80 2.40 2.01 0.83 0.43 0.83 2.14 5.60 5.60 5.23 1.77 1.77 1.71 5.13 7.48 8.40 6.41 4.94 3.66 2.78 3.64 4.79 5.54 4.91 4.51 3.56 1.87 0.92 0.36 0.36 0.00 0.00 0.00 0.00 0.00 0.00 
	0.00 0.00 0.00 0.00 0.00 0.00 0.00 0.00 0.00 0.00 0.00 0.00 0.00 0.00 0.00 0.00 0.00 0.00 0.00 0.00 0.00 0.00 0.00 0.00 0.00 0.00 0.00 0.00 0.00 0.00 0.00 0.00 0.00 0.00 0.00 0.00 0.00 0.00 0.00 0.00 0.00 0.00 0.00 0.00 0.00 0.00 0.00 0.00 0.00 0.00 0.00 0.00 0.00 0.00 0.00 0.00 0.00 0.00 0.00 0.00 0.00 0.00 0.00 0.00 0.00 0.00 0.00 0.00 0.00 0.00 0.00 0.00 0.00 0.00 0.00 0.00 0.00 0.00 0.00 0.00 0.00 0.00 0.00 0.00 0.00 0.00 0.00 0.00 0.00 0.00 0.00 0.00 0.00 0.00 0.00 0.00 0.00 0.00 0.00 0.00 0.00 0.00 0.00 0.00 0.00 0.00 0.00 0.00 0.00 0.00 0.00 0.00 0.00 0.00 0.00 0.00 0.00 0.00 0.00 0.00 0.00 
END_FIELD
END_LOAD