LOAD_START

影情報
SET_SHADOW
	NUM_X 20
	NUM_Y 4
	RADIUS 5.00
	SCL 1.00 3.00 1.00
END_SHADOW
オフセット情報
SET_OFFSET
	FILENAME data/MOTION/siba/waist.x
	PARENT -1
	POS 0.00 3.55 0.00
	ROT 0.00 0.00 0.00
	SCL 1.00 1.00 1.00

	FILENAME data/MOTION/siba/breast.x
	PARENT 0
	POS 0.00 1.60 0.00
	ROT 0.00 0.00 0.00
	SCL 1.00 1.00 1.00

	FILENAME data/MOTION/siba/head.x
	PARENT 1
	POS 0.00 2.20 0.00
	ROT 0.00 0.00 0.00
	SCL 1.00 1.00 1.00

	FILENAME data/MOTION/siba/cheekR.x
	PARENT 2
	POS -1.50 1.00 0.00
	ROT 0.00 -0.15 0.00
	SCL 1.00 1.00 1.00

	FILENAME data/MOTION/siba/cheekL.x
	PARENT 2
	POS 1.50 1.00 0.00
	ROT 0.00 0.15 0.00
	SCL 1.00 1.00 1.00

	FILENAME data/MOTION/siba/armR.x
	PARENT 1
	POS -1.50 0.75 0.00
	ROT 0.00 0.00 0.00
	SCL 1.00 1.00 1.00

	FILENAME data/MOTION/siba/handR.x
	PARENT 5
	POS -1.60 0.00 0.00
	ROT 0.00 0.00 0.00
	SCL 1.00 1.00 1.00

	FILENAME data/MOTION/siba/armL.x
	PARENT 1
	POS 1.50 0.75 0.00
	ROT 0.00 0.00 0.00
	SCL 1.00 1.00 1.00

	FILENAME data/MOTION/siba/handL.x
	PARENT 7
	POS 1.60 0.00 0.00
	ROT 0.00 0.00 0.00
	SCL 1.00 1.00 1.00

	FILENAME data/MOTION/siba/tail.x
	PARENT 0
	POS 0.00 0.60 2.00
	ROT 0.42 0.00 0.00
	SCL 1.00 1.00 1.00

	FILENAME data/MOTION/siba/legR.x
	PARENT 0
	POS -1.40 -0.40 0.00
	ROT 0.00 0.00 0.00
	SCL 1.00 1.00 1.00

	FILENAME data/MOTION/siba/footR.x
	PARENT 10
	POS 0.00 -1.60 0.00
	ROT 0.00 0.00 0.00
	SCL 1.00 1.00 1.00

	FILENAME data/MOTION/siba/legL.x
	PARENT 0
	POS 1.40 -0.40 0.00
	ROT 0.00 0.00 0.00
	SCL 1.00 1.00 1.00

	FILENAME data/MOTION/siba/footL.x
	PARENT 12
	POS 0.00 -1.60 0.00
	ROT 0.00 0.00 0.00
	SCL 1.00 1.00 1.00
END_OFFSET

モーション情報
SET_MOTION
	SET_KEY_FRAME
		FRAME 30
			POS 0.00 -0.10 0.00
			ROT 0.00 0.00 0.00
			SCL 0.00 0.00 0.00

			POS 0.00 0.00 0.00
			ROT -0.10 0.00 0.00
			SCL 0.00 0.00 0.00

			POS 0.00 0.00 0.00
			ROT -0.10 0.00 0.00
			SCL 0.00 0.00 0.00

			POS 0.00 0.00 0.00
			ROT 0.00 0.00 0.00
			SCL 0.00 0.00 0.00

			POS 0.00 0.00 0.00
			ROT 0.00 0.00 0.00
			SCL 0.00 0.00 0.00

			POS 0.00 0.00 0.00
			ROT 0.00 0.00 0.85
			SCL 0.00 0.00 0.00

			POS 0.00 0.00 0.00
			ROT 0.00 0.00 0.30
			SCL 0.00 0.00 0.00

			POS 0.00 0.00 0.00
			ROT 0.00 0.00 -0.85
			SCL 0.00 0.00 0.00

			POS 0.00 0.00 0.00
			ROT 0.00 0.00 -0.30
			SCL 0.00 0.00 0.00

			POS 0.00 0.00 0.00
			ROT -0.99 0.00 -0.39
			SCL 0.00 0.00 0.00

			POS 0.00 0.00 0.00
			ROT 0.20 0.00 0.00
			SCL 0.00 0.00 0.00

			POS 0.00 0.00 0.00
			ROT -0.35 0.00 0.00
			SCL 0.00 0.00 0.00

			POS 0.00 0.00 0.00
			ROT 0.20 0.00 0.00
			SCL 0.00 0.00 0.00

			POS 0.00 0.00 0.00
			ROT -0.35 0.00 0.00
			SCL 0.00 0.00 0.00
		FRAME 30
			POS 0.00 -0.20 0.00
			ROT 0.00 0.00 0.00
			SCL 0.00 0.00 0.00

			POS 0.00 0.00 0.00
			ROT -0.20 0.00 0.00
			SCL 0.00 0.00 0.00

			POS 0.00 0.00 0.00
			ROT -0.15 0.00 0.00
			SCL 0.00 0.00 0.00

			POS 0.00 0.00 0.00
			ROT 0.00 0.00 -0.16
			SCL 0.00 0.00 0.00

			POS 0.00 0.00 0.00
			ROT 0.00 0.00 0.16
			SCL 0.00 0.00 0.00

			POS 0.00 0.00 0.00
			ROT 0.00 0.00 1.00
			SCL 0.00 0.00 0.00

			POS 0.00 0.00 0.00
			ROT 0.00 0.00 0.40
			SCL 0.00 0.00 0.00

			POS 0.00 0.00 0.00
			ROT 0.00 0.00 -1.00
			SCL 0.00 0.00 0.00

			POS 0.00 0.00 0.00
			ROT 0.00 0.00 -0.40
			SCL 0.00 0.00 0.00

			POS 0.00 0.00 0.00
			ROT -1.00 0.00 0.00
			SCL 0.00 0.00 0.00

			POS 0.00 0.00 0.00
			ROT 0.40 0.00 0.00
			SCL 0.00 0.00 0.00

			POS 0.00 0.00 0.00
			ROT -0.75 0.00 0.00
			SCL 0.00 0.00 0.00

			POS 0.00 0.00 0.00
			ROT 0.40 0.00 0.00
			SCL 0.00 0.00 0.00

			POS 0.00 0.00 0.00
			ROT -0.75 0.00 0.00
			SCL 0.00 0.00 0.00
		FRAME 30
			POS 0.00 -0.10 0.00
			ROT 0.00 0.00 0.00
			SCL 0.00 0.00 0.00

			POS 0.00 0.00 0.00
			ROT -0.10 0.00 0.00
			SCL 0.00 0.00 0.00

			POS 0.00 0.00 0.00
			ROT -0.10 0.00 0.00
			SCL 0.00 0.00 0.00

			POS 0.00 0.00 0.00
			ROT 0.00 0.00 0.22
			SCL 0.00 0.00 0.00

			POS 0.00 0.00 0.00
			ROT 0.00 0.00 -0.25
			SCL 0.00 0.00 0.00

			POS 0.00 0.00 0.00
			ROT 0.00 0.00 0.90
			SCL 0.00 0.00 0.00

			POS 0.00 0.00 0.00
			ROT 0.00 0.00 0.30
			SCL 0.00 0.00 0.00

			POS 0.00 0.00 0.00
			ROT 0.00 0.00 -0.90
			SCL 0.00 0.00 0.00

			POS 0.00 0.00 0.00
			ROT 0.00 0.00 -0.30
			SCL 0.00 0.00 0.00

			POS 0.00 0.00 0.00
			ROT -0.99 0.00 0.35
			SCL 0.00 0.00 0.00

			POS 0.00 0.00 0.00
			ROT 0.20 0.00 0.00
			SCL 0.00 0.00 0.00

			POS 0.00 0.00 0.00
			ROT -0.35 0.00 0.00
			SCL 0.00 0.00 0.00

			POS 0.00 0.00 0.00
			ROT 0.20 0.00 0.00
			SCL 0.00 0.00 0.00

			POS 0.00 0.00 0.00
			ROT -0.35 0.00 0.00
			SCL 0.00 0.00 0.00
		FRAME 30
			POS 0.00 0.00 0.00
			ROT 0.00 0.00 0.00
			SCL 0.00 0.00 0.00

			POS 0.00 0.00 0.00
			ROT 0.00 0.00 0.00
			SCL 0.00 0.00 0.00

			POS 0.00 0.00 0.00
			ROT -0.20 0.00 0.00
			SCL 0.00 0.00 0.00

			POS 0.00 0.00 0.00
			ROT 0.00 0.00 0.11
			SCL 0.00 0.00 0.00

			POS 0.00 0.00 0.00
			ROT 0.00 0.00 -0.13
			SCL 0.00 0.00 0.00

			POS 0.00 0.00 0.00
			ROT 0.00 0.00 0.80
			SCL 0.00 0.00 0.00

			POS 0.00 0.00 0.00
			ROT 0.00 0.00 0.10
			SCL 0.00 0.00 0.00

			POS 0.00 0.00 0.00
			ROT 0.00 0.00 -0.80
			SCL 0.00 0.00 0.00

			POS 0.00 0.00 0.00
			ROT 0.00 0.00 -0.10
			SCL 0.00 0.00 0.00

			POS 0.00 0.00 0.00
			ROT -0.81 0.00 0.00
			SCL 0.00 0.00 0.00

			POS 0.00 0.00 0.00
			ROT 0.00 0.00 0.00
			SCL 0.00 0.00 0.00

			POS 0.00 0.00 0.00
			ROT 0.00 0.00 0.00
			SCL 0.00 0.00 0.00

			POS 0.00 0.00 0.00
			ROT 0.00 0.00 0.00
			SCL 0.00 0.00 0.00

			POS 0.00 0.00 0.00
			ROT 0.00 0.00 0.00
			SCL 0.00 0.00 0.00
	SET_KEY_FRAME
		SET_SOUND
			ID    16
			FRAME 16

			ID    16
			FRAME 36
		END_SOUND

		FRAME 5
			POS 0.00 -0.20 0.00
			ROT -0.20 0.00 0.00
			SCL 0.00 0.00 0.00

			POS 0.00 0.00 0.00
			ROT -0.00 0.00 0.00
			SCL 0.00 0.00 0.00

			POS 0.00 0.00 0.00
			ROT 0.10 0.00 0.00
			SCL 0.00 0.00 0.00

			POS 0.00 0.00 0.00
			ROT 0.00 0.20 0.10
			SCL 0.00 0.00 0.00

			POS 0.00 0.00 0.00
			ROT 0.00 -0.20 -0.10
			SCL 0.00 0.00 0.00

			POS 0.00 0.00 0.00
			ROT 0.47 0.00 1.10
			SCL 0.00 0.00 0.00

			POS 0.00 0.00 0.00
			ROT 0.00 -0.60 0.22
			SCL 0.00 0.00 0.00

			POS 0.00 0.00 0.00
			ROT -0.51 0.00 -1.10
			SCL 0.00 0.00 0.00

			POS 0.00 0.00 0.00
			ROT 0.00 0.78 -0.07
			SCL 0.00 0.00 0.00

			POS 0.00 0.00 0.00
			ROT -0.40 0.00 0.00
			SCL 0.00 0.00 0.00

			POS 0.00 0.00 0.00
			ROT 0.54 0.00 0.00
			SCL 0.00 0.00 0.00

			POS 0.00 0.00 0.00
			ROT -0.66 0.00 0.00
			SCL 0.00 0.00 0.00

			POS 0.00 0.00 0.00
			ROT 1.07 0.00 0.00
			SCL 0.00 0.00 0.00

			POS 0.00 0.00 0.00
			ROT -1.90 0.00 0.00
			SCL 0.00 0.00 0.00
		FRAME 5
			POS 0.00 0.00 0.00
			ROT -0.20 0.00 0.00
			SCL 0.00 0.00 0.00

			POS 0.00 0.00 0.00
			ROT -0.00 -0.10 0.00
			SCL 0.00 0.00 0.00

			POS 0.00 0.00 0.00
			ROT 0.10 0.10 0.00
			SCL 0.00 0.00 0.00

			POS 0.00 0.00 0.00
			ROT 0.00 0.20 0.20
			SCL 0.00 0.00 0.00

			POS 0.00 0.00 0.00
			ROT 0.00 -0.20 -0.20
			SCL 0.00 0.00 0.00

			POS 0.00 0.00 0.00
			ROT 0.53 0.00 1.10
			SCL 0.00 0.00 0.00

			POS 0.00 0.00 0.00
			ROT 0.00 -1.11 0.22
			SCL 0.00 0.00 0.00

			POS 0.00 0.00 0.00
			ROT -0.85 0.00 -1.10
			SCL 0.00 0.00 0.00

			POS 0.00 0.00 0.00
			ROT 0.00 1.67 -0.07
			SCL 0.00 0.00 0.00

			POS 0.00 0.00 0.00
			ROT -0.10 0.00 0.00
			SCL 0.00 0.00 0.00

			POS 0.00 0.00 0.00
			ROT 0.00 0.00 0.00
			SCL 0.00 0.00 0.00

			POS 0.00 0.00 0.00
			ROT -0.10 0.00 0.00
			SCL 0.00 0.00 0.00

			POS 0.00 0.00 0.00
			ROT 1.35 0.00 0.00
			SCL 0.00 0.00 0.00

			POS 0.00 0.00 0.00
			ROT -1.39 0.00 0.00
			SCL 0.00 0.00 0.00
		FRAME 5
			POS 0.00 0.20 0.00
			ROT -0.30 0.00 0.00
			SCL 0.00 0.00 0.00

			POS 0.00 0.00 0.00
			ROT -0.00 -0.20 0.00
			SCL 0.00 0.00 0.00

			POS 0.00 0.00 0.00
			ROT 0.10 0.20 0.00
			SCL 0.00 0.00 0.00

			POS 0.00 0.00 0.00
			ROT 0.00 0.20 0.40
			SCL 0.00 0.00 0.00

			POS 0.00 0.00 0.00
			ROT 0.00 -0.20 -0.40
			SCL 0.00 0.00 0.00

			POS 0.00 0.00 0.00
			ROT 0.86 0.00 1.10
			SCL 0.00 0.00 0.00

			POS 0.00 0.00 0.00
			ROT 0.00 -1.80 0.22
			SCL 0.00 0.00 0.00

			POS 0.00 0.00 0.00
			ROT -1.40 0.00 -1.10
			SCL 0.00 0.00 0.00

			POS 0.00 0.00 0.00
			ROT 0.00 1.17 -0.30
			SCL 0.00 0.00 0.00

			POS 0.00 0.00 0.00
			ROT 0.30 0.00 0.00
			SCL 0.00 0.00 0.00

			POS 0.00 0.00 0.00
			ROT -0.37 0.00 0.00
			SCL 0.00 0.00 0.00

			POS 0.00 0.00 0.00
			ROT -0.75 0.00 0.00
			SCL 0.00 0.00 0.00

			POS 0.00 0.00 0.00
			ROT 1.40 0.00 0.00
			SCL 0.00 0.00 0.00

			POS 0.00 0.00 0.00
			ROT -0.53 0.00 0.00
			SCL 0.00 0.00 0.00
		FRAME 5
			POS 0.00 -0.60 0.00
			ROT -0.40 0.00 0.00
			SCL 0.00 0.00 0.00

			POS 0.00 0.00 0.00
			ROT -0.00 -0.10 0.00
			SCL 0.00 0.00 0.00

			POS 0.00 0.00 0.00
			ROT 0.30 0.10 0.00
			SCL 0.00 0.00 0.00

			POS 0.00 0.00 0.00
			ROT 0.00 0.20 -0.20
			SCL 0.00 0.00 0.00

			POS 0.00 0.00 0.00
			ROT 0.00 -0.20 0.20
			SCL 0.00 0.00 0.00

			POS 0.00 0.00 0.00
			ROT 0.98 0.00 1.10
			SCL 0.00 0.00 0.00

			POS 0.00 0.00 0.00
			ROT 0.00 -1.59 0.62
			SCL 0.00 0.00 0.00

			POS 0.00 0.00 0.00
			ROT -1.51 0.00 -1.10
			SCL 0.00 0.00 0.00

			POS 0.00 0.00 0.00
			ROT 0.00 0.70 -0.30
			SCL 0.00 0.00 0.00

			POS 0.00 0.00 0.00
			ROT 0.00 0.00 0.00
			SCL 0.00 0.00 0.00

			POS 0.00 0.00 0.00
			ROT -0.57 0.00 0.00
			SCL 0.00 0.00 0.00

			POS 0.00 0.00 0.00
			ROT -1.48 0.00 0.00
			SCL 0.00 0.00 0.00

			POS 0.00 0.00 0.00
			ROT 1.10 0.00 0.00
			SCL 0.00 0.00 0.00

			POS 0.00 0.00 0.00
			ROT 0.00 0.00 0.00
			SCL 0.00 0.00 0.00
		FRAME 5
			POS 0.00 -0.20 0.00
			ROT -0.20 0.00 0.00
			SCL 0.00 0.00 0.00

			POS 0.00 0.00 0.00
			ROT -0.00 0.00 0.00
			SCL 0.00 0.00 0.00

			POS 0.00 0.00 0.00
			ROT 0.10 0.00 0.00
			SCL 0.00 0.00 0.00

			POS 0.00 0.00 0.00
			ROT 0.00 0.20 0.10
			SCL 0.00 0.00 0.00

			POS 0.00 0.00 0.00
			ROT 0.00 -0.20 -0.10
			SCL 0.00 0.00 0.00

			POS 0.00 0.00 0.00
			ROT -0.51 0.00 1.10
			SCL 0.00 0.00 0.00

			POS 0.00 0.00 0.00
			ROT 0.00 -0.61 0.22
			SCL 0.00 0.00 0.00

			POS 0.00 0.00 0.00
			ROT 0.47 0.00 -1.10
			SCL 0.00 0.00 0.00

			POS 0.00 0.00 0.00
			ROT 0.00 0.50 -0.50
			SCL 0.00 0.00 0.00

			POS 0.00 0.00 0.00
			ROT -0.40 0.00 0.00
			SCL 0.00 0.00 0.00

			POS 0.00 0.00 0.00
			ROT 1.07 0.00 0.00
			SCL 0.00 0.00 0.00

			POS 0.00 0.00 0.00
			ROT -1.90 0.00 0.00
			SCL 0.00 0.00 0.00

			POS 0.00 0.00 0.00
			ROT 0.54 0.00 0.00
			SCL 0.00 0.00 0.00

			POS 0.00 0.00 0.00
			ROT -0.66 0.00 0.00
			SCL 0.00 0.00 0.00
		FRAME 5
			POS 0.00 0.00 0.00
			ROT -0.20 0.00 0.00
			SCL 0.00 0.00 0.00

			POS 0.00 0.00 0.00
			ROT -0.00 0.10 0.00
			SCL 0.00 0.00 0.00

			POS 0.00 0.00 0.00
			ROT 0.10 -0.10 0.00
			SCL 0.00 0.00 0.00

			POS 0.00 0.00 0.00
			ROT 0.00 0.20 0.20
			SCL 0.00 0.00 0.00

			POS 0.00 0.00 0.00
			ROT 0.00 -0.20 -0.20
			SCL 0.00 0.00 0.00

			POS 0.00 0.00 0.00
			ROT -0.85 0.00 1.10
			SCL 0.00 0.00 0.00

			POS 0.00 0.00 0.00
			ROT 0.00 -1.11 0.09
			SCL 0.00 0.00 0.00

			POS 0.00 0.00 0.00
			ROT 0.53 0.00 -1.10
			SCL 0.00 0.00 0.00

			POS 0.00 0.00 0.00
			ROT 0.00 1.11 -0.31
			SCL 0.00 0.00 0.00

			POS 0.00 0.00 0.00
			ROT -0.10 0.00 0.00
			SCL 0.00 0.00 0.00

			POS 0.00 0.00 0.00
			ROT 1.35 0.00 0.00
			SCL 0.00 0.00 0.00

			POS 0.00 0.00 0.00
			ROT -1.40 0.00 0.00
			SCL 0.00 0.00 0.00

			POS 0.00 0.00 0.00
			ROT 0.00 0.00 0.00
			SCL 0.00 0.00 0.00

			POS 0.00 0.00 0.00
			ROT -0.10 0.00 0.00
			SCL 0.00 0.00 0.00
		FRAME 5
			POS 0.00 0.20 0.00
			ROT -0.30 0.00 0.00
			SCL 0.00 0.00 0.00

			POS 0.00 0.00 0.00
			ROT -0.00 0.20 0.00
			SCL 0.00 0.00 0.00

			POS 0.00 0.00 0.00
			ROT 0.10 -0.20 0.00
			SCL 0.00 0.00 0.00

			POS 0.00 0.00 0.00
			ROT 0.00 0.20 0.40
			SCL 0.00 0.00 0.00

			POS 0.00 0.00 0.00
			ROT 0.00 -0.20 -0.40
			SCL 0.00 0.00 0.00

			POS 0.00 0.00 0.00
			ROT -1.40 0.00 1.10
			SCL 0.00 0.00 0.00

			POS 0.00 0.00 0.00
			ROT 0.00 -1.17 0.22
			SCL 0.00 0.00 0.00

			POS 0.00 0.00 0.00
			ROT 0.87 0.00 -1.10
			SCL 0.00 0.00 0.00

			POS 0.00 0.00 0.00
			ROT 0.00 1.80 -0.30
			SCL 0.00 0.00 0.00

			POS 0.00 0.00 0.00
			ROT 0.30 0.00 0.00
			SCL 0.00 0.00 0.00

			POS 0.00 0.00 0.00
			ROT 1.40 0.00 0.00
			SCL 0.00 0.00 0.00

			POS 0.00 0.00 0.00
			ROT -0.53 0.00 0.00
			SCL 0.00 0.00 0.00

			POS 0.00 0.00 0.00
			ROT -0.37 0.00 0.00
			SCL 0.00 0.00 0.00

			POS 0.00 0.00 0.00
			ROT -0.75 0.00 0.00
			SCL 0.00 0.00 0.00
		FRAME 5
			POS 0.00 -0.60 0.00
			ROT -0.40 0.00 0.00
			SCL 0.00 0.00 0.00

			POS 0.00 0.00 0.00
			ROT -0.00 0.10 0.00
			SCL 0.00 0.00 0.00

			POS 0.00 0.00 0.00
			ROT 0.30 -0.10 0.00
			SCL 0.00 0.00 0.00

			POS 0.00 0.00 0.00
			ROT 0.00 0.20 -0.20
			SCL 0.00 0.00 0.00

			POS 0.00 0.00 0.00
			ROT 0.00 -0.20 0.20
			SCL 0.00 0.00 0.00

			POS 0.00 0.00 0.00
			ROT -1.51 0.00 1.10
			SCL 0.00 0.00 0.00

			POS 0.00 0.00 0.00
			ROT 0.00 -0.70 0.62
			SCL 0.00 0.00 0.00

			POS 0.00 0.00 0.00
			ROT 1.00 0.00 -1.10
			SCL 0.00 0.00 0.00

			POS 0.00 0.00 0.00
			ROT 0.00 1.60 -0.30
			SCL 0.00 0.00 0.00

			POS 0.00 0.00 0.00
			ROT 0.00 0.00 0.00
			SCL 0.00 0.00 0.00

			POS 0.00 0.00 0.00
			ROT 1.10 0.00 0.00
			SCL 0.00 0.00 0.00

			POS 0.00 0.00 0.00
			ROT 0.00 0.00 0.00
			SCL 0.00 0.00 0.00

			POS 0.00 0.00 0.00
			ROT -0.60 0.00 0.00
			SCL 0.00 0.00 0.00

			POS 0.00 0.00 0.00
			ROT -1.50 0.00 0.00
			SCL 0.00 0.00 0.00
	SET_KEY_FRAME
		SET_SOUND
			ID    17
			FRAME 4
		END_SOUND

		FRAME 5
			POS 0.00 -1.00 0.00
			ROT 0.12 0.00 0.00
			SCL 0.00 0.00 0.00

			POS 0.00 0.00 0.00
			ROT -0.30 0.00 0.00
			SCL 0.00 0.00 0.00

			POS 0.00 0.00 0.00
			ROT -0.40 0.00 0.00
			SCL 0.00 0.00 0.00

			POS 0.00 0.00 0.00
			ROT 0.00 0.00 0.00
			SCL 0.00 0.00 0.00

			POS 0.00 0.00 0.00
			ROT 0.00 0.00 0.00
			SCL 0.00 0.00 0.00

			POS 0.00 0.00 0.00
			ROT 1.00 -0.50 0.60
			SCL 0.00 0.00 0.00

			POS 0.00 0.00 0.00
			ROT 1.00 -1.50 0.00
			SCL 0.00 0.00 0.00

			POS 0.00 0.00 0.00
			ROT 1.00 0.50 -0.60
			SCL 0.00 0.00 0.00

			POS 0.00 0.00 0.00
			ROT 1.00 1.50 0.00
			SCL 0.00 0.00 0.00

			POS 0.00 0.00 0.00
			ROT -0.96 0.00 0.00
			SCL 0.00 0.00 0.00

			POS 0.00 0.00 0.00
			ROT 1.00 0.00 0.00
			SCL 0.00 0.00 0.00

			POS 0.00 0.00 0.00
			ROT -1.80 0.00 0.00
			SCL 0.00 0.00 0.00

			POS 0.00 0.00 0.00
			ROT 1.00 0.00 0.00
			SCL 0.00 0.00 0.00

			POS 0.00 0.00 0.00
			ROT -1.80 0.00 0.00
			SCL 0.00 0.00 0.00
		FRAME 0
			POS 0.00 0.00 0.00
			ROT 0.12 0.00 0.00
			SCL 0.00 0.00 0.00

			POS 0.00 0.00 0.00
			ROT 0.05 0.00 0.00
			SCL 0.00 0.00 0.00

			POS 0.00 0.00 0.00
			ROT 0.05 0.00 0.00
			SCL 0.00 0.00 0.00

			POS 0.00 0.00 0.00
			ROT 0.00 0.00 0.30
			SCL 0.00 0.00 0.00

			POS 0.00 0.00 0.00
			ROT 0.00 0.00 -0.30
			SCL 0.00 0.00 0.00

			POS 0.00 0.00 0.00
			ROT -0.25 0.30 0.40
			SCL 0.00 0.00 0.00

			POS 0.00 0.00 0.00
			ROT 0.50 -2.00 0.00
			SCL 0.00 0.00 0.00

			POS 0.00 0.00 0.00
			ROT -0.25 -0.30 -0.40
			SCL 0.00 0.00 0.00

			POS 0.00 0.00 0.00
			ROT 0.50 2.00 0.00
			SCL 0.00 0.00 0.00

			POS 0.00 -0.30 0.00
			ROT 0.50 0.00 0.00
			SCL 0.00 0.00 0.00

			POS 0.00 0.00 0.00
			ROT -0.10 0.00 0.00
			SCL 0.00 0.00 0.00

			POS 0.00 0.00 0.00
			ROT -0.25 0.00 0.00
			SCL 0.00 0.00 0.00

			POS 0.00 0.00 0.00
			ROT -0.10 0.00 0.00
			SCL 0.00 0.00 0.00

			POS 0.00 0.00 0.00
			ROT -0.25 0.00 0.00
			SCL 0.00 0.00 0.00
	SET_KEY_FRAME
		FRAME 5
			POS 0.00 0.00 0.00
			ROT -0.12 0.00 0.00
			SCL 0.00 0.00 0.00

			POS 0.00 0.00 0.00
			ROT -0.05 0.00 0.00
			SCL 0.00 0.00 0.00

			POS 0.00 0.00 0.00
			ROT -0.05 0.00 0.00
			SCL 0.00 0.00 0.00

			POS 0.00 0.00 0.00
			ROT 0.80 0.00 -0.90
			SCL 0.00 0.00 0.00

			POS 0.00 0.00 0.00
			ROT 0.80 0.00 0.90
			SCL 0.00 0.00 0.00

			POS 0.00 0.00 0.00
			ROT -0.25 1.00 0.40
			SCL 0.00 0.00 0.00

			POS 0.00 0.00 0.00
			ROT 0.50 -1.00 0.00
			SCL 0.00 0.00 0.00

			POS 0.00 0.00 0.00
			ROT -0.25 -1.00 -0.40
			SCL 0.00 0.00 0.00

			POS 0.00 0.00 0.00
			ROT 0.50 1.00 0.00
			SCL 0.00 0.00 0.00

			POS 0.00 0.00 0.00
			ROT -0.86 0.00 0.00
			SCL 0.00 0.00 0.00

			POS 0.00 0.00 0.00
			ROT -0.10 0.00 0.00
			SCL 0.00 0.00 0.00

			POS 0.00 0.00 0.00
			ROT -0.25 0.00 0.00
			SCL 0.00 0.00 0.00

			POS 0.00 0.00 0.00
			ROT -0.10 0.00 0.00
			SCL 0.00 0.00 0.00

			POS 0.00 0.00 0.00
			ROT -0.25 0.00 0.00
			SCL 0.00 0.00 0.00
		FRAME 5
			POS 0.00 0.00 0.00
			ROT -0.12 0.00 0.00
			SCL 0.00 0.00 0.00

			POS 0.00 0.00 0.00
			ROT -0.05 0.00 0.00
			SCL 0.00 0.00 0.00

			POS 0.00 0.00 0.00
			ROT -0.05 0.00 0.00
			SCL 0.00 0.00 0.00

			POS 0.00 0.00 0.00
			ROT 0.65 0.00 -0.50
			SCL 0.00 0.00 0.00

			POS 0.00 0.00 0.00
			ROT 0.65 0.00 0.50
			SCL 0.00 0.00 0.00

			POS 0.00 0.00 0.00
			ROT -0.25 1.00 0.40
			SCL 0.00 0.00 0.00

			POS 0.00 0.00 0.00
			ROT 0.50 -1.00 0.00
			SCL 0.00 0.00 0.00

			POS 0.00 0.00 0.00
			ROT -0.25 -1.00 -0.40
			SCL 0.00 0.00 0.00

			POS 0.00 0.00 0.00
			ROT 0.50 1.00 0.00
			SCL 0.00 0.00 0.00

			POS 0.00 0.00 0.00
			ROT -0.60 0.00 0.00
			SCL 0.00 0.00 0.00

			POS 0.00 0.00 0.00
			ROT -0.10 0.00 0.00
			SCL 0.00 0.00 0.00

			POS 0.00 0.00 0.00
			ROT -0.25 0.00 0.00
			SCL 0.00 0.00 0.00

			POS 0.00 0.00 0.00
			ROT -0.10 0.00 0.00
			SCL 0.00 0.00 0.00

			POS 0.00 0.00 0.00
			ROT -0.25 0.00 0.00
			SCL 0.00 0.00 0.00
	SET_KEY_FRAME
		FRAME 1
			POS 0.00 -2.30 0.00
			ROT 0.50 0.00 0.00
			SCL 0.00 0.00 0.00

			POS 0.00 0.00 0.00
			ROT -0.30 0.00 0.00
			SCL 0.00 0.00 0.00

			POS 0.00 0.00 0.00
			ROT -0.30 -0.25 0.00
			SCL 0.00 0.00 0.00

			POS 0.00 0.00 0.00
			ROT 0.00 0.30 0.00
			SCL 0.00 0.00 0.00

			POS 0.00 0.00 0.00
			ROT 0.00 0.50 0.00
			SCL 0.00 0.00 0.00

			POS 0.00 0.00 0.00
			ROT 0.38 -1.50 -0.15
			SCL 0.00 0.00 0.00

			POS 0.00 0.00 0.00
			ROT -1.50 -0.74 0.00
			SCL 0.00 0.00 0.00

			POS 0.00 0.00 0.00
			ROT 0.00 -0.60 -0.60
			SCL 0.00 0.00 0.00

			POS 0.00 0.00 0.00
			ROT 0.00 1.80 0.00
			SCL 0.00 0.00 0.00

			POS 0.00 0.00 0.00
			ROT -0.82 0.00 0.00
			SCL 0.00 0.00 0.00

			POS 0.00 0.00 0.00
			ROT 1.70 0.00 0.00
			SCL 0.00 0.00 0.00

			POS 0.00 0.00 0.00
			ROT -1.70 0.00 0.00
			SCL 0.00 0.00 0.00

			POS 0.00 0.00 0.00
			ROT 1.30 -0.80 0.00
			SCL 0.00 0.00 0.00

			POS 0.00 0.00 0.00
			ROT -1.26 -0.48 -1.00
			SCL 0.00 0.00 0.00
		FRAME 0
			POS 0.00 -2.30 0.00
			ROT 0.50 0.00 0.00
			SCL 0.00 0.00 0.00

			POS 0.00 0.00 0.00
			ROT -0.30 0.00 0.00
			SCL 0.00 0.00 0.00

			POS 0.00 0.00 0.00
			ROT -0.30 -0.25 0.00
			SCL 0.00 0.00 0.00

			POS 0.00 0.00 0.00
			ROT 0.00 0.30 0.00
			SCL 0.00 0.00 0.00

			POS 0.00 0.00 0.00
			ROT 0.00 0.50 0.00
			SCL 0.00 0.00 0.00

			POS 0.00 0.00 0.00
			ROT 0.38 -1.50 -0.15
			SCL 0.00 0.00 0.00

			POS 0.00 0.00 0.00
			ROT -1.50 -0.74 0.00
			SCL 0.00 0.00 0.00

			POS 0.00 0.00 0.00
			ROT 0.00 -0.60 -0.60
			SCL 0.00 0.00 0.00

			POS 0.00 0.00 0.00
			ROT 0.00 1.80 0.00
			SCL 0.00 0.00 0.00

			POS 0.00 0.00 0.00
			ROT -0.82 0.00 0.00
			SCL 0.00 0.00 0.00

			POS 0.00 0.00 0.00
			ROT 1.70 0.00 0.00
			SCL 0.00 0.00 0.00

			POS 0.00 0.00 0.00
			ROT -1.70 0.00 0.00
			SCL 0.00 0.00 0.00

			POS 0.00 0.00 0.00
			ROT 1.30 -0.80 0.00
			SCL 0.00 0.00 0.00

			POS 0.00 0.00 0.00
			ROT -1.26 -0.48 -1.00
			SCL 0.00 0.00 0.00
	SET_KEY_FRAME
		FRAME 10
			POS 0.00 -2.30 0.00
			ROT 0.00 0.00 0.00
			SCL 0.00 0.00 0.00

			POS 0.00 0.00 0.00
			ROT -0.30 0.00 0.00
			SCL 0.00 0.00 0.00

			POS 0.00 0.00 0.00
			ROT -0.30 -0.25 0.00
			SCL 0.00 0.00 0.00

			POS 0.00 0.00 0.00
			ROT 0.00 0.30 0.00
			SCL 0.00 0.00 0.00

			POS 0.00 0.00 0.00
			ROT 0.00 0.50 0.00
			SCL 0.00 0.00 0.00

			POS 0.00 0.00 0.00
			ROT 0.38 -1.50 -0.15
			SCL 0.00 0.00 0.00

			POS 0.00 0.00 0.00
			ROT -1.50 -0.74 0.00
			SCL 0.00 0.00 0.00

			POS 0.00 0.00 0.00
			ROT 0.00 -0.60 -0.60
			SCL 0.00 0.00 0.00

			POS 0.00 0.00 0.00
			ROT 0.00 1.80 0.00
			SCL 0.00 0.00 0.00

			POS 0.00 0.00 0.00
			ROT -0.82 0.00 0.00
			SCL 0.00 0.00 0.00

			POS 0.00 0.00 0.00
			ROT 1.70 0.00 0.00
			SCL 0.00 0.00 0.00

			POS 0.00 0.00 0.00
			ROT -1.70 0.00 0.00
			SCL 0.00 0.00 0.00

			POS 0.00 0.00 0.00
			ROT 1.30 -0.80 0.00
			SCL 0.00 0.00 0.00

			POS 0.00 0.00 0.00
			ROT -1.26 -0.48 -1.00
			SCL 0.00 0.00 0.00
		FRAME 10
			POS 0.00 -1.15 0.00
			ROT -1.39 0.00 0.00
			SCL 0.00 0.00 0.00

			POS 0.00 0.00 0.00
			ROT 0.00 0.00 0.00
			SCL 0.00 0.00 0.00

			POS 0.00 0.00 0.00
			ROT 0.00 0.00 0.00
			SCL 0.00 0.00 0.00

			POS 0.00 0.00 0.00
			ROT 0.00 -0.60 0.00
			SCL 0.00 0.00 0.00

			POS 0.00 0.00 0.00
			ROT 0.00 0.60 0.00
			SCL 0.00 0.00 0.00

			POS 0.00 0.00 0.00
			ROT 0.00 -0.60 0.00
			SCL 0.00 0.00 0.00

			POS 0.00 0.00 0.00
			ROT 0.00 -2.00 0.00
			SCL 0.00 0.00 0.00

			POS 0.00 0.00 0.00
			ROT 0.00 0.60 0.00
			SCL 0.00 0.00 0.00

			POS 0.00 0.00 0.00
			ROT 0.00 2.00 0.00
			SCL 0.00 0.00 0.00

			POS 0.00 0.00 -0.54
			ROT 0.64 -0.96 0.00
			SCL 0.00 0.00 0.00

			POS 0.00 0.00 0.00
			ROT 1.00 0.00 0.00
			SCL 0.00 0.00 0.00

			POS 0.00 0.00 0.00
			ROT -0.68 0.00 0.00
			SCL 0.00 0.00 0.00

			POS 0.00 0.00 0.00
			ROT 1.00 0.00 0.00
			SCL 0.00 0.00 0.00

			POS 0.00 0.00 0.00
			ROT -1.61 0.00 0.00
			SCL 0.00 0.00 0.00
		FRAME 10
			POS 0.00 -0.87 0.00
			ROT -1.22 0.00 0.00
			SCL 0.00 0.00 0.00

			POS 0.00 0.00 0.00
			ROT 0.00 0.00 0.00
			SCL 0.00 0.00 0.00

			POS 0.00 0.00 0.00
			ROT 0.00 0.00 0.00
			SCL 0.00 0.00 0.00

			POS 0.00 0.00 0.00
			ROT 0.00 -0.80 0.00
			SCL 0.00 0.00 0.00

			POS 0.00 0.00 0.00
			ROT 0.00 0.80 0.00
			SCL 0.00 0.00 0.00

			POS 0.00 0.00 0.00
			ROT 0.00 -1.65 0.00
			SCL 0.00 0.00 0.00

			POS 0.00 0.00 0.00
			ROT 0.00 0.00 0.00
			SCL 0.00 0.00 0.00

			POS 0.00 0.00 0.00
			ROT 0.00 1.65 0.00
			SCL 0.00 0.00 0.00

			POS 0.00 0.00 0.00
			ROT 0.00 0.00 0.00
			SCL 0.00 0.00 0.00

			POS 0.00 0.00 -0.47
			ROT 0.46 0.00 0.70
			SCL 0.00 0.00 0.00

			POS 0.00 0.00 0.00
			ROT 1.70 0.70 0.00
			SCL 0.00 0.00 0.00

			POS 0.00 0.00 0.00
			ROT -0.60 0.60 0.00
			SCL 0.00 0.00 0.00

			POS 0.00 0.00 0.00
			ROT 1.70 -0.70 0.00
			SCL 0.00 0.00 0.00

			POS 0.00 0.00 0.00
			ROT -0.60 -0.60 0.00
			SCL 0.00 0.00 0.00
		FRAME 0
			POS 0.00 -0.10 0.00
			ROT 0.00 0.00 0.00
			SCL 0.00 0.00 0.00

			POS 0.00 0.00 0.00
			ROT -0.10 0.00 0.00
			SCL 0.00 0.00 0.00

			POS 0.00 0.00 0.00
			ROT -0.10 0.00 0.00
			SCL 0.00 0.00 0.00

			POS 0.00 0.00 0.00
			ROT 0.00 0.00 0.00
			SCL 0.00 0.00 0.00

			POS 0.00 0.00 0.00
			ROT 0.00 0.00 0.00
			SCL 0.00 0.00 0.00

			POS 0.00 0.00 0.00
			ROT 0.00 0.00 0.85
			SCL 0.00 0.00 0.00

			POS 0.00 0.00 0.00
			ROT 0.00 0.00 0.30
			SCL 0.00 0.00 0.00

			POS 0.00 0.00 0.00
			ROT 0.00 0.00 -0.85
			SCL 0.00 0.00 0.00

			POS 0.00 0.00 0.00
			ROT 0.00 0.00 -0.30
			SCL 0.00 0.00 0.00

			POS 0.00 0.00 0.00
			ROT -0.99 0.00 -0.39
			SCL 0.00 0.00 0.00

			POS 0.00 0.00 0.00
			ROT 0.20 0.00 0.00
			SCL 0.00 0.00 0.00

			POS 0.00 0.00 0.00
			ROT -0.35 0.00 0.00
			SCL 0.00 0.00 0.00

			POS 0.00 0.00 0.00
			ROT 0.20 0.00 0.00
			SCL 0.00 0.00 0.00

			POS 0.00 0.00 0.00
			ROT -0.35 0.00 0.00
			SCL 0.00 0.00 0.00
	SET_KEY_FRAME
		SET_COLLISION
			PARTS 0
			POS 0.00 2.00 -1.00
			SCL 6.11
			START 14
			END 16
		END_COLLISION

		FRAME 15
			POS 0.00 -2.30 0.00
			ROT 0.80 0.00 0.00
			SCL 0.00 0.00 0.00

			POS 0.00 0.00 0.00
			ROT -0.90 0.00 0.00
			SCL 0.00 0.00 0.00

			POS 0.00 0.00 0.00
			ROT -0.50 0.00 0.00
			SCL 0.00 0.00 0.00

			POS 0.00 0.00 0.00
			ROT 0.00 0.70 -0.80
			SCL 0.00 0.00 0.00

			POS 0.00 0.00 0.00
			ROT 0.00 -0.70 0.80
			SCL 0.00 0.00 0.00

			POS 0.00 0.00 0.00
			ROT 0.00 -1.10 0.20
			SCL 0.00 0.00 0.00

			POS 0.00 0.00 0.00
			ROT 1.20 -1.20 0.00
			SCL 0.00 0.00 0.00

			POS 0.00 0.00 0.00
			ROT 0.00 1.10 -0.20
			SCL 0.00 0.00 0.00

			POS 0.00 0.00 0.00
			ROT 1.20 1.40 0.00
			SCL 0.00 0.00 0.00

			POS 0.00 0.00 -0.36
			ROT -1.36 0.00 0.00
			SCL 0.00 0.00 0.00

			POS 0.00 0.00 0.00
			ROT 1.85 -0.30 0.00
			SCL 0.00 0.00 0.00

			POS 0.00 0.00 0.00
			ROT -2.00 0.00 0.00
			SCL 0.00 0.00 0.00

			POS 0.00 0.00 0.00
			ROT 1.85 0.30 0.00
			SCL 0.00 0.00 0.00

			POS 0.00 0.00 0.00
			ROT -2.00 0.00 0.00
			SCL 0.00 0.00 0.00
		FRAME 1
			POS 0.00 -2.30 0.00
			ROT -5.17 0.00 0.00
			SCL 0.00 0.00 0.00

			POS 0.00 0.00 0.00
			ROT -0.90 0.00 0.00
			SCL 0.00 0.00 0.00

			POS 0.00 0.00 0.00
			ROT -0.50 0.00 0.00
			SCL 0.00 0.00 0.00

			POS 0.00 0.00 0.00
			ROT 0.00 0.70 -0.80
			SCL 0.00 0.00 0.00

			POS 0.00 0.00 0.00
			ROT 0.00 -0.70 0.80
			SCL 0.00 0.00 0.00

			POS 0.00 0.00 0.00
			ROT 0.00 -1.10 0.20
			SCL 0.00 0.00 0.00

			POS 0.00 0.00 0.00
			ROT 1.20 -1.20 0.00
			SCL 0.00 0.00 0.00

			POS 0.00 0.00 0.00
			ROT 0.00 1.10 -0.20
			SCL 0.00 0.00 0.00

			POS 0.00 0.00 0.00
			ROT 1.20 1.40 0.00
			SCL 0.00 0.00 0.00

			POS 0.00 0.00 -0.36
			ROT -1.36 0.00 0.00
			SCL 0.00 0.00 0.00

			POS 0.00 0.00 0.00
			ROT 1.85 -0.30 0.00
			SCL 0.00 0.00 0.00

			POS 0.00 0.00 0.00
			ROT -2.00 0.00 0.00
			SCL 0.00 0.00 0.00

			POS 0.00 0.00 0.00
			ROT 1.85 0.30 0.00
			SCL 0.00 0.00 0.00

			POS 0.00 0.00 0.00
			ROT -2.00 0.00 0.00
			SCL 0.00 0.00 0.00
		FRAME 0
			POS 0.00 -2.30 0.00
			ROT 0.88 0.00 0.00
			SCL 0.00 0.00 0.00

			POS 0.00 0.00 0.00
			ROT -0.90 0.00 0.00
			SCL 0.00 0.00 0.00

			POS 0.00 0.00 0.00
			ROT -0.50 0.00 0.00
			SCL 0.00 0.00 0.00

			POS 0.00 0.00 0.00
			ROT 0.00 0.70 -0.80
			SCL 0.00 0.00 0.00

			POS 0.00 0.00 0.00
			ROT 0.00 -0.70 0.80
			SCL 0.00 0.00 0.00

			POS 0.00 0.00 0.00
			ROT 0.00 -1.10 0.20
			SCL 0.00 0.00 0.00

			POS 0.00 0.00 0.00
			ROT 1.20 -1.20 0.00
			SCL 0.00 0.00 0.00

			POS 0.00 0.00 0.00
			ROT 0.00 1.10 -0.20
			SCL 0.00 0.00 0.00

			POS 0.00 0.00 0.00
			ROT 1.20 1.40 0.00
			SCL 0.00 0.00 0.00

			POS 0.00 0.00 -0.36
			ROT -1.36 0.00 0.00
			SCL 0.00 0.00 0.00

			POS 0.00 0.00 0.00
			ROT 1.85 -0.30 0.00
			SCL 0.00 0.00 0.00

			POS 0.00 0.00 0.00
			ROT -2.00 0.00 0.00
			SCL 0.00 0.00 0.00

			POS 0.00 0.00 0.00
			ROT 1.85 0.30 0.00
			SCL 0.00 0.00 0.00

			POS 0.00 0.00 0.00
			ROT -2.00 0.00 0.00
			SCL 0.00 0.00 0.00
	SET_KEY_FRAME
		SET_COLLISION
			PARTS 9
			POS 0.00 0.00 0.00
			SCL 6.00
			START 1
			END 15
		END_COLLISION

		FRAME 15
			POS 0.00 0.00 0.00
			ROT 0.00 0.00 0.00
			SCL 0.00 0.00 0.00

			POS 0.00 0.00 0.00
			ROT 0.00 0.30 0.00
			SCL 0.00 0.00 0.00

			POS 0.00 0.00 0.00
			ROT 0.00 0.30 0.00
			SCL 0.00 0.00 0.00

			POS 0.00 0.00 0.00
			ROT 0.00 0.80 0.00
			SCL 0.00 0.00 0.00

			POS 0.00 0.00 0.00
			ROT 0.00 0.80 0.00
			SCL 0.00 0.00 0.00

			POS 0.00 0.00 0.00
			ROT 0.00 -0.50 0.00
			SCL 0.00 0.00 0.00

			POS 0.00 0.00 0.00
			ROT 0.50 -0.76 0.48
			SCL 0.00 0.00 0.00

			POS 0.00 0.00 0.00
			ROT -0.02 -0.45 -0.49
			SCL 0.00 0.00 0.00

			POS 0.00 0.00 0.00
			ROT -0.98 1.04 -1.91
			SCL 0.00 0.00 0.00

			POS 0.00 0.00 0.00
			ROT -0.19 0.72 1.02
			SCL 0.00 0.00 0.00

			POS 0.00 0.00 0.00
			ROT 0.00 0.00 0.00
			SCL 0.00 0.00 0.00

			POS 0.00 0.00 0.00
			ROT 0.00 0.00 0.00
			SCL 0.00 0.00 0.00

			POS 0.00 0.00 0.00
			ROT 2.56 2.07 2.66
			SCL 0.00 0.00 0.00

			POS 0.00 0.00 0.00
			ROT -1.95 0.00 0.00
			SCL 0.00 0.00 0.00
		FRAME 1
			POS 0.00 0.00 0.00
			ROT 0.00 11.00 0.00
			SCL 0.00 0.00 0.00

			POS 0.00 0.00 0.00
			ROT 0.00 0.30 0.00
			SCL 0.00 0.00 0.00

			POS 0.00 0.00 0.00
			ROT 0.00 0.30 0.00
			SCL 0.00 0.00 0.00

			POS 0.00 0.00 0.00
			ROT 0.00 0.80 0.00
			SCL 0.00 0.00 0.00

			POS 0.00 0.00 0.00
			ROT 0.00 0.80 0.00
			SCL 0.00 0.00 0.00

			POS 0.00 0.00 0.00
			ROT 0.00 -0.50 0.00
			SCL 0.00 0.00 0.00

			POS 0.00 0.00 0.00
			ROT 0.50 -0.76 0.48
			SCL 0.00 0.00 0.00

			POS 0.00 0.00 0.00
			ROT -0.02 -0.45 -0.49
			SCL 0.00 0.00 0.00

			POS 0.00 0.00 0.00
			ROT -0.98 1.04 -1.91
			SCL 0.00 0.00 0.00

			POS 0.00 0.00 0.00
			ROT -0.19 0.72 1.02
			SCL 0.00 0.00 0.00

			POS 0.00 0.00 0.00
			ROT 0.00 0.00 0.00
			SCL 0.00 0.00 0.00

			POS 0.00 0.00 0.00
			ROT 0.00 0.00 0.00
			SCL 0.00 0.00 0.00

			POS 0.00 0.00 0.00
			ROT 2.56 2.07 2.66
			SCL 0.00 0.00 0.00

			POS 0.00 0.00 0.00
			ROT -1.95 0.00 0.00
			SCL 0.00 0.00 0.00
END_MOTION
END_LOAD